index,pred,opt_pred
0,0.12785866504333426,51.864435407875064
1,0.1277274523152273,51.76749710583071
2,0.12594050379522131,50.44719938368763
3,0.1262232090524979,50.65608869785161
4,0.12275309831449098,48.0921276571887
5,0.12271921118059084,48.067093033217134
6,0.12383377276850471,48.89054857264312
7,0.1252649511512122,49.948031229882865
8,0.12463085118075108,49.479493567863166
9,0.12311174130828077,48.357087858013394
10,0.12542567677870745,50.06679229038981
11,0.12123879607682433,46.97356293492401
12,0.12619501680141493,50.63525771500383
13,0.12433842914227484,49.26342563980282
14,0.12307724493984487,48.33160189038088
15,0.12184656187754077,47.42245917484647
16,0.12230351415250232,47.76000155941208
17,0.1226198728049805,47.9937060710791
18,0.12572444189327722,50.28755111969385
19,0.12519577884066055,49.896919437504685
20,0.12537601947409124,50.03010023394448
21,0.12244076057763845,47.861388487383984
22,0.12526532824755884,49.94830986845142
23,0.11917211218330825,45.44766646769826
24,0.11671110719548682,43.632228674064194
25,0.112816901652095,40.76497465040578
26,0.1227646701524798,48.10067655338048
27,0.12056202268092235,46.473775703501516
28,0.12456395655287245,49.430065493973835
29,0.12165302001532569,47.279502505053074
30,0.125307466595657,49.9794461280942
31,0.12674347814751458,51.04050458504584
32,0.12618368101204988,50.62688180170224
33,0.12607217105452376,50.54448787030649
34,0.11949111593591047,45.68312993499251
35,0.12657725456535868,50.91768684747767
36,0.1256662094821692,50.24452301637142
37,0.12567932868102843,50.254216835986085
38,0.12014087455641824,46.16281174996015
39,0.11932295552691291,45.5590037113813
40,0.12510214304534506,49.827731490170024
41,0.1151327861990744,42.46918818540711
42,0.12372208233588994,48.808025458505284
43,0.12413551778981782,49.113498322618526
44,0.12407639329455551,49.06981273171497
45,0.12377042147268519,48.84374100666129
46,0.12318172179779603,48.40878988628027
47,0.12094409167412858,46.75591714473267
48,0.1243565753632467,49.276833622735865
49,0.10000363947018438,31.423275991824145
50,0.126472144793114,50.840023605033664
51,0.1254586799341875,50.09117849946112
52,0.11960275185056124,45.76553719401632
53,0.12065942877948377,46.54570308408972
54,0.11544531435654601,42.69939361930042
55,0.10594089752371857,35.72874129625375
56,0.12068864250315517,46.56727569559032
57,0.11265696199747592,40.6473966576514
58,0.11954995362824944,45.72656226420676
59,0.12149754099579334,47.164664661248906
60,0.1217098647177138,47.32148935210903
61,0.11666347861845348,43.59711584265375
62,0.12030716076949056,46.28558812749371
63,0.1217458652494623,47.348080461884024
64,0.12174216673479071,47.34534861490249
65,0.12460850868681789,49.46298480661209
66,0.12332810237409683,48.516938196377986
67,0.11900930213899456,45.32750375804263
68,0.12300670939058192,48.27949047694376
69,0.11646806082492461,43.453059427480575
70,0.1141038376094669,41.71162920260813
71,0.12418349609260493,49.14894840199007
72,0.12143687364059982,47.119856428060245
73,0.12154207589540926,47.1975580326472
74,0.12268668846666386,48.04306651443586
75,0.11604466020803625,43.14099665431265
76,0.11341463022867446,41.20453225836152
77,0.10610640848667774,35.849431064190384
78,0.11892909243156867,45.26830740042439
79,0.12103857079526999,46.82569032651693
80,0.12396254839830553,48.985696143000276
81,0.12235033927594256,47.79459203132374
82,0.12696407461352557,51.203494463027674
83,0.09860379325188147,30.416182531627125
84,0.0883552250463159,23.17650109959624
85,0.12005156268693715,46.09687151723424
86,0.12669156363143616,51.002146625235746
87,0.06285937122096105,7.2495136384500025
88,0.09307824595097541,26.479772533818206
89,0.10924739649468268,38.14530999251654
90,0.1252997916671673,49.9737750805336
91,0.12253997409341309,47.93468112810714
92,0.12066750392758034,46.551666087047344
93,0.11753036525137991,44.236344265962465
94,0.12649800771612268,50.859133183874384
95,0.11019698393811976,38.841240026585986
96,0.11559102738599344,42.80674073633763
97,0.10748545641034164,36.85620115197362
98,0.1243998353515951,49.30879786184617
99,0.10816807640165924,37.3552802178933
100,0.12518932823739148,49.892153053217825
101,0.11937440820175507,45.59698227562997
102,0.10208404853278008,32.92610484435891
103,0.12453739515437054,49.41043946068968
104,0.08621148310708326,21.700439736023434
105,0.11649396698956042,43.47215579081058
106,0.10456845853559238,34.72921617051637
107,0.11110156317172756,39.50487424675221
108,0.09002480554115,24.336678310397847
109,0.12091933243864846,46.73763263973262
110,0.121924349573273,47.47991744399867
111,0.11406194661312423,41.68079930447445
112,0.12100660683875394,46.8020846362182
113,0.12404457187384893,49.04630076521239
114,0.12341152332484014,48.57857174297488
115,0.11717706810163767,43.975793419693254
116,0.12563342173715403,50.22029603288019
117,0.1226457911606824,48.01285334080944
118,0.11934325987346273,45.57399079477462
119,0.11520099259825081,42.51942429789925
120,0.10165318324483134,32.614296954396565
121,0.12095587613978256,46.76461992346054
122,0.10852823805297179,37.61878661801577
123,0.10900068903031634,37.964632767040406
124,0.12239911482440174,47.83062361035722
125,0.09800483605016583,29.986372995047006
126,0.11569276122040804,42.881694255043406
127,0.10523328450781654,35.21311359976514
128,0.07857172373280374,16.592105394521884
129,0.074481197643928,13.980082217613177
130,0.11354224003793069,41.298402429454754
131,0.1219067261411759,47.46689972951365
132,0.09905673549527187,30.741658031857778
133,0.11880577643008645,45.17730141150728
134,0.12252515565771135,47.92373413412346
135,0.1219644006001428,47.50950168208451
136,0.11210103945610633,40.238847726322895
137,0.12287581346853978,48.18278633938491
138,0.10110750088476163,32.21981059117693
139,0.10768810791691404,37.00431558860624
140,0.10858233058594247,37.65837320017248
141,0.10006558617203098,31.46792211852045
142,0.11809479913736794,44.65269860941226
143,0.1115093250509053,39.804229916162
144,0.11779419550227152,44.43094460855973
145,0.12293533279012744,48.22675819480502
146,0.12311466113681098,48.35924503674946
147,0.10768013383522371,36.99848668470099
148,0.10315716968847123,33.70389362573586
149,0.12284607430150206,48.160815689397126
150,0.11479680018987473,42.22175849571236
151,0.09936375556671848,30.962489089544665
152,0.12283381026517802,48.15175531304538
153,0.08757464193409578,22.637188073303196
154,0.11598330341785566,43.095780861458444
155,0.11922530030960826,45.48692382672293
156,0.11796982430892836,44.560501459159084
157,0.10630573741199424,35.9948220233078
158,0.1114143080089242,39.73446277315808
159,0.06987474218733328,11.172472773003543
160,0.07885050474983002,16.773629481834117
161,0.12418447962639825,49.14967511395386
162,0.11998180660329005,46.045370905903276
163,0.11423252921826989,41.80634662085338
164,0.10575750734402883,35.59505092145065
165,0.12337630844197398,48.55255401095921
166,0.07812118239368515,16.29963252454179
167,0.10422833668835058,34.481871787436795
168,0.12170700506796113,47.31937713474132
169,0.09180817070993208,25.585214140807352
170,0.10615949862443484,35.888150742379814
171,0.12138354557549892,47.08046942675148
172,0.0407929667174986,0.02000523149048345
173,0.11307503184179624,40.95477101263755
174,0.07361309438574744,13.43925365606311
175,0.11734798968056658,44.10183943422329
176,0.12323154638993232,48.44560088087256
177,0.1195682506969091,45.740068829715035
178,0.0778350485112313,16.11446695963806
179,0.12242207570375059,47.8475854243603
180,0.09738151778137502,29.539819106921975
181,0.11138074003480675,39.70981676343349
182,0.10105059950172263,32.178702380665996
183,0.11649876014787104,43.47568903084894
184,0.12421773966220273,49.17425026572812
185,0.09740974587520632,29.56002546758869
186,0.11744997822582541,44.17705606258668
187,0.1143822783925288,41.9165740259395
188,0.023001015039792405,8.454969376977107
189,0.10608910160790339,35.83680951013816
190,0.10904030877829242,37.99364475524771
191,0.11788045517329485,44.494574812604974
192,0.10521646253446498,35.20086292147304
193,0.1077252577507944,37.03147226410307
194,0.11960288848673013,45.76563805791334
195,0.07959561916709817,17.26081749231983
196,0.10991381159399381,38.63362949367293
197,0.1197132195689755,45.84708527673236
198,0.11904164063004057,45.35137073181907
199,0.02090275178981925,11.372159520423262
200,0.11561525774665975,42.82459227786133
201,0.11958438859945739,45.751981609894585
202,0.0986966270073206,30.482860221280482
203,0.11236403995140619,40.432101583461
204,0.09825434717418402,30.16533838706798
205,0.06900264901867607,10.65954979290506
206,0.11439759977652282,41.92785248690935
207,0.10546632992576653,35.382865056854996
208,0.11461637656051071,42.08891348969338
209,0.11881258406131506,45.18232525867851
210,0.11877345738616592,45.15345102256143
211,0.11507237375760407,42.4246945068292
212,0.10352803344390388,33.97307263156251
213,0.12057569032229708,46.483868151668
214,0.08492236660679997,20.820868100789777
215,0.13371511769786615,56.1882377480536
216,0.11091789458748659,39.37007605556638
217,0.12042237516552813,46.37065958007965
218,0.12254326840730831,47.93711477817108
219,0.11695377954370441,43.81114636911836
220,0.12186378999396241,47.43518473129237
221,0.06976667086953896,11.108563747627327
222,0.07851888357469755,16.55774648850521
223,0.09163428160942891,25.463076038055682
224,0.12362717126062457,48.73790052355386
225,0.05920265515278954,5.421396057682279
226,0.10690762702030465,36.43410908469357
227,0.11407193887284475,41.68815307045504
228,0.12148893219035727,47.158306255868254
229,0.1181720195312976,44.709668705849126
230,0.05758189246437205,4.669103659434478
231,0.10735060673835774,36.75766516671067
232,0.107055553050895,36.542132466355326
233,0.057892985132366265,4.810502167668453
234,0.09450227974287906,27.487672633848636
235,0.1192872803866971,45.53267137972822
236,0.11651204606743962,43.485482695639114
237,0.09399562322775629,27.12850178467768
238,0.10296256446934243,33.562722567031045
239,0.11955189821468917,45.72799771864995
240,0.11982906750593622,45.93260838098199
241,0.07147858004167201,12.131993453737582
242,0.10935820183385703,38.226476432613815
243,0.13645086873868198,58.205007175996364
244,0.0655001015626477,8.668562026394424
245,0.09145190153359309,25.335064036581198
246,0.09374178662971261,26.948789980025907
247,0.11314366280236844,41.00524063381251
248,0.08885199002717037,23.520773258129356
249,0.09401782247918533,27.144225955006632
250,0.092948390136949,26.388115900729005
251,0.10862500693879709,37.689607011094886
252,0.11749428460687115,44.20973325284574
253,0.08539080138551879,21.139749337281827
254,0.11929222893805257,45.536323955575874
255,0.11653024395590443,43.4988973201532
256,0.07022775826967317,11.381902242941287
257,0.09839758583121092,30.26813204989792
258,0.11275693805166828,40.72089108308082
259,0.08884083310203673,23.513032407800395
260,0.11790751912536741,44.5145393075032
261,0.08300339171647858,19.52379343530571
262,0.08899675524032835,23.621249839117993
263,0.11764615126233594,44.32174458246599
264,0.1198781057944742,45.96881120604282
265,0.10077887269836591,31.982466205025368
266,0.09570973842975636,28.346063371057873
267,0.11287028471125626,40.80422233442417
268,0.10109027646657726,32.20736632201677
269,0.11253952763815107,40.56107662917277
270,0.06513422386256273,8.467472002804373
271,0.056277235794181965,4.0924089570324105
272,0.12298089606958434,48.26041980819668
273,0.0403134342684615,0.005530201790303462
274,0.045989801228423444,0.6893055898354352
275,0.043836198471209425,0.3056900287337088
276,0.10380781516717791,34.176267143741946
277,0.10888572369138289,37.88045624419265
278,0.07332587591858195,13.261448648120105
279,-0.0067506072027597175,100.0
280,0.06921223543668586,10.782230052335686
281,0.1212762311552985,47.00121071186787
282,0.0367655337171791,0.1959931320189184
283,0.11485911927030501,42.267647674520525
284,0.11605502927870226,43.148638122939346
285,0.07464614347037937,14.083412539865423
286,0.10862380449981977,37.6887269511337
287,0.09441039699133662,27.422490959138415
288,0.024042357652395527,7.2256903455352814
289,0.049231750910700325,1.5086270929950263
290,0.10161420290166158,32.58610173451569
291,0.11999654225186078,46.05625007448633
292,0.04198026626958111,0.09291874551965833
293,0.10486678110082912,34.94628413962316
294,0.10636691534135753,36.03945429744589
295,0.04769934838703266,1.0876738743164183
296,0.09804496569930723,30.015148477262777
297,0.11580013359195368,42.96080727883364
298,0.10943411555486202,38.28209053660221
299,0.12207400750086331,47.590465495761045
300,0.10454311957093763,34.71078399152157
301,0.05995071435514446,5.781211634629123
302,0.11120443387721039,39.58038439051211
303,0.10810299124045646,37.30767505959052
304,0.07743456989448708,15.85607742953862
305,0.10592980890263042,35.72065665151989
306,0.04697985914123712,0.910474968010165
307,0.11866275117750336,45.07175587371344
308,0.12615824474322807,50.608087154662734
309,0.11509776535206108,42.4433951572074
310,0.08233148417055144,19.0733353667958
311,0.0750548095823417,14.340186086787005
312,0.0610820924865899,6.339654100711286
313,0.09064386451017213,24.769038441448327
314,0.10524920189298975,35.22470582315006
315,0.09721139464713188,29.418074750863305
316,0.09206509951200328,25.765830339405692
317,0.11974553383940408,45.87094049371697
318,0.1077072597185244,37.01831545772795
319,0.11873603148563323,45.1258323330773
320,0.0625080785099021,7.066645849341395
321,0.13779642018841062,59.19595965887948
322,0.07507995648486522,14.356021655541106
323,0.11812802203536908,44.6772088819449
324,0.1202107942476822,46.21443574783455
325,0.0834697338630031,19.837592074767155
326,0.08904535391391002,23.654995531160502
327,0.10967258922919539,38.45682814397536
328,0.11000394021128146,38.69970091639025
329,0.039073925640416146,0.010407538633163512
330,0.09316169890950106,26.538699286514657
331,0.026129937857923113,5.1402905842058315
332,0.017074069938037603,18.554942833602517
333,0.09651560917588259,28.920770173685977
334,0.11523994574497139,42.54811552703683
335,0.06811765214416622,10.145745359890412
336,0.10525327701858299,35.227673681890536
337,0.054840396271934266,3.489382681828546
338,0.11098148471502092,39.416743252162064
339,0.11614494052492826,43.21490006835586
340,0.05512580669396232,3.606374286533026
341,-0.014756002189570072,
342,0.049342515313562055,1.5412539412771948
343,0.10844951282274151,37.56117800698178
344,0.08307442367734488,19.571530042207264
345,0.07008294678614707,11.295868267918836
346,0.1072941168166209,36.71639300835749
347,0.10813501240517912,37.33109574459179
348,0.1008417692389669,32.02787830790949
349,0.15685226711575373,73.12679607559866
350,0.07951264751776146,17.20642396198606
351,0.021606749041572934,10.323268414371235
352,0.08340605414115929,19.794687599326004
353,-0.029441960139511614,
354,0.10212254542114238,32.95397788221658
355,0.09407744413937805,27.186463089295923
356,0.012570349152696975,31.293401782358266
357,0.07556118106017819,14.659835076216167
358,0.11663832782802759,43.57857450582048
359,0.08865656340358018,23.38524128169132
360,0.10446807463225075,34.65619927274927
361,0.06807920635136919,10.123582482737328
362,0.06257578610188153,7.101778322367671
363,0.0718172123756654,12.337152009252799
364,0.010828092942167411,37.97148007490371
365,0.0945175198726558,27.49848592564471
366,0.029877307675592463,2.463042335170004
367,0.12926678800768304,52.904616737962925
368,0.038418628725984255,0.03883865177283459
369,0.0009189353987299476,100.0
370,0.09385399483592723,27.02821190248874
371,0.10975661149562235,38.51840574475371
372,0.08172108871420576,18.66586968903172
373,0.12622257722829935,50.65562184933902
374,0.10042621454969822,31.72796281311767
375,0.10155067161118003,32.54015338970085
376,0.11161438234299517,39.881376874272455
377,0.03841886744918739,0.03882491167794534
378,0.07828517270980578,16.405959762534174
379,0.10846172377110694,37.57011320449059
380,0.07363437050363136,13.452447518986013
381,0.057800189705294464,4.768171972219469
382,0.03275284600955328,1.1600616942959567
383,0.10018878951284566,31.556736464767344
384,0.11548038332144553,42.72522807599521
385,0.05646148767870146,4.172217822460038
386,0.10555319924793345,35.446157715096206
387,0.10799608409243923,37.229489084627076
388,0.07873574024319116,16.698851798101618
389,0.08870006520609336,23.415399898314476
390,0.11699166206986197,43.83907856127617
391,0.14058519340364406,61.247402719691344
392,0.1482846623812104,66.89078061176707
393,0.1488418806179245,67.29786134692903
394,0.09378883700481508,26.982088860315205
395,0.10352051191010717,33.967611499979256
396,0.06056519427360359,6.082435282110929
397,0.07703348964088942,15.598218339685996
398,0.05504003979174921,3.5710692784358304
399,0.09941740703938745,31.00109643795837
400,0.057813155232341554,4.774078648000631
401,0.10451062931227681,34.68715098195523
402,0.10925037220988298,38.14748960263142
403,0.07305916844682006,13.09685696321794
404,0.043819875114997436,0.3033234902692232
405,0.022964637906224702,8.500383787290756
406,0.06286772950729899,7.253882233228396
407,0.042385532437696855,0.12941417515282266
408,0.061138766072527634,6.3680647358490425
409,0.07703256186217788,15.59762293990321
410,0.08912670848473765,23.7115029034774
411,0.007588526498654477,54.13289620078128
412,0.11265721934276852,40.64758582903492
413,0.07945953122992527,17.1716212784261
414,0.10717128552259125,36.62666258565309
415,0.10375328521829758,34.136655899398164
416,0.08993185704059162,24.271860743691803
417,0.029151121214260667,2.8878345534270835
418,0.11114814807488832,39.53906795609965
419,0.13167621042669214,54.683728145966946
420,0.09221879104419367,25.87395826901078
421,0.09720762128991992,29.41537510513983
422,0.08942505723828822,23.91890920006488
423,0.08193677470832032,18.809655382461877
424,0.10125811650880637,32.32864725780931
425,0.0576415485659551,4.696105364945715
426,0.09934422995152221,30.948439820159773
427,0.0634432391867995,7.556622525579478
428,0.04131739877663208,0.045827488919042654
429,0.03660412478506003,0.21823731794257847
430,0.08936568861951602,23.87761501424164
431,0.08054464200380783,17.885446753080185
432,0.04087998296043402,0.02357555241288879
433,0.07906885243822794,16.916092898827138
434,0.08287770121280605,19.439377545348435
435,0.09802978208660615,30.004260506286485
436,0.16505049678906988,79.04257933890798
437,0.02404496479063599,7.222779368873028
438,0.01976407628075741,13.233099944384868
439,0.06979860647785786,11.127439102460976
440,0.12039437337971783,46.34998348765044
441,0.03594881023598681,0.3218211685481642
442,0.09749268512583084,29.619404638671373
443,0.09915983919603233,30.815798752524508
444,-0.009729866593592429,100.0
445,0.11363731666948246,41.36834742511427
446,0.07776988354001946,16.072360715087566
447,0.10595344079038085,35.737886684570505
448,0.09035794078020394,24.569203477841928
449,0.09767779950587753,29.751983991380644
450,0.10648848497558058,36.12815762580615
451,0.12280863797564284,48.133158678241685
452,0.0687006415468947,10.48343863256939
453,-0.007523810888304894,100.0
454,-0.005938000097056667,100.0
455,0.07679202918662975,15.443431582217091
456,0.10270164512286589,33.37353000882893
457,0.006874848974689873,58.52873356294082
458,0.08713391571067766,22.333605114371743
459,0.009436058708062064,44.23879228116054
460,0.20282712126659108,100.0
461,0.07478299566592027,14.169278922436554
462,0.11618371290861339,43.24347528028724
463,0.20263999686455317,100.0
464,0.22952105815266305,100.0
465,0.07062698306069236,11.619964336084777
466,0.0949625325346255,27.81447496963559
467,0.08732379082072542,22.464312902698836
468,0.05307226731992709,2.797224839319268
469,0.11131297477728193,39.660065236220056
470,0.05973515163267967,5.676739491187054
471,0.10781841699235131,37.09957813445354
472,-0.009817664208442378,100.0
473,0.06826905948046687,10.23315646126509
474,0.024334422700297745,6.904582577669009
475,0.10200305386578581,32.86746925775156
476,0.13716503324427598,58.73105189975884
477,0.04992274841698603,1.7168216825814375
478,0.01733041522585574,17.985308166035708
479,0.05687555831656846,4.3535594146631285
480,0.09447593462151249,27.468981341823334
481,0.11059991619736889,39.136766800897796
482,0.0022287709323131344,98.55572186263005
483,0.12410439674011195,49.090503745706215
484,0.06091560729132556,6.256431757142614
485,-0.010257300900004152,
486,0.03661675519761173,0.21645073874341753
487,0.03336754259910546,0.9528070765839984
488,0.11758341118966611,44.27546876896165
489,0.15574718065326518,72.32536759205381
490,0.04924343599857814,1.5120554579804042
491,0.09723606154092436,29.435723373019
492,0.20588036473260407,100.0
493,0.12290195090140493,48.20209618237135
494,0.06129177277543492,6.444970973323223
495,0.1223692021051565,47.8085263858317
496,0.20440300775448744,100.0
497,0.1127246404134766,40.69714772348692
498,0.08700000856448414,22.241501144989204
499,0.21256720578639593,100.0
500,0.19995889296727737,100.0
501,0.08805484651933718,22.96872396762115
502,0.09340763857129779,26.7124621159654
503,0.04980978423275281,1.6820344859327923
504,0.08825488018884742,23.10705744516876
505,0.09399259903376031,27.126359780914882
506,0.06376132173227544,7.725563638936489
507,0.11074164627449583,39.24074818601681
508,0.15884179454529174,74.56731103386767
509,0.10007300209220635,31.47326734778942
510,0.11227476053384498,40.366493418123234
511,0.07249644446530058,12.75124575999425
512,0.10386012234636897,34.21426747765449
513,0.06021445682610993,5.909885850903317
514,0.1985724025507044,100.0
515,0.06977533416421046,11.113683300349944
516,0.11578388981495301,42.948838360062936
517,0.07686563818204233,15.490581936312495
518,0.15434803194995217,71.30938959818651
519,0.0752012509097246,14.432460337112294
520,0.12248902368106451,47.897042052381295
521,0.0855188472722051,21.227062652117855
522,0.045662634235607666,0.6222125511040066
523,0.09173502582651488,25.533827683993383
524,0.08880719034715787,23.48969295968951
525,0.12636222307269726,50.75880439243586
526,0.08304831107853015,19.55397868691835
527,0.15764200783102933,73.69896853982443
528,0.10586045272139091,35.670092707850834
529,0.05057499426191436,1.9232879077639387
530,0.07382606629502625,13.571463036215503
531,0.11791909130550018,44.52307593289173
532,0.006190400055469239,63.09427848725823
533,0.1758170868049571,86.72543862169651
534,0.06568253300657158,8.769341786066414
535,0.1896118745705901,96.41321619842132
536,0.07259672751634226,12.812670291647583
537,0.05034091635485599,1.8481019650731247
538,0.05301114594030888,2.774339735384013
539,0.10101655208514315,32.15410742219064
540,0.05247903365831297,2.578170039284107
541,0.19303369020542027,98.78790804164181
542,0.03916453439656552,0.007916293739599263
543,0.10994812540729176,38.6587834367056
544,0.014097819065651038,26.327230583026424
545,0.05022458105409924,1.8111862412674067
546,0.08708778586854753,22.30186896248607
547,0.06689338199418421,9.446662852938864
548,0.09314889390476802,26.529656421943702
549,0.0664318172713502,9.186774803586488
550,0.08593776104389124,21.513151467877723
551,0.14384076552271857,63.63756498273661
552,0.06772728493152087,9.92133297395851
553,0.08160722389201672,18.5900490401912
554,0.07520001214122804,14.43167920112579
555,0.06856354234435691,10.403754021925584
556,0.08762424252092542,22.671396232424904
557,0.05865843048996333,5.164533205373515
558,0.0751062019477419,14.372553336858589
559,0.2275426641021301,100.0
560,0.14703474121696572,65.97693808031286
561,0.12686988669975252,51.133903148405324
562,0.10569556597283758,35.549904856272065
563,0.16114690932096065,76.2324806131702
564,0.08919636285790136,23.759900204165035
565,0.0822946251411037,19.048682428070624
566,0.06608892139369604,8.995050664135817
567,0.10506810148490729,35.09283321744618
568,0.0489481199721617,1.4264019751664543
569,0.1977100992273405,100.0
570,0.012515141940074609,31.48744671256433
571,0.08326427429927054,19.69922482810139
572,0.08761512836820233,22.665109819264373
573,0.06633979937958351,9.135210934984183
574,0.1921678738254724,98.18812865538408
575,0.110351891847136,38.954840216643724
576,0.08696836725787838,22.219746886183746
577,0.08267647174218179,19.30437212954384
578,0.0693936516349802,10.888723931638232
579,0.19488426467088016,100.0
580,0.03971379502452416,0.0001084597178812156
581,0.05770420957561809,4.724525246233471
582,0.013077175010428793,29.56122511349525
583,0.2530895055983321,100.0
584,-0.01024721314824395,
585,0.04734860911425014,0.9996034298746252
586,0.13157660551787295,54.61020323297802
587,0.02843670126084169,3.3473844233359626
588,0.08824745118088893,23.101917526122726
589,-0.005219282528047597,100.0
590,0.04108396414002531,0.033063975864499516
591,0.12898882183385946,52.69930301674942
592,0.12190590004657463,47.46628952805993
593,0.05313132034934226,2.819403611985758
594,0.25617697647579246,100.0
595,0.03711963718641072,0.1516101310773614
596,0.0486158136341967,1.3325156924765562
597,0.11433424569152442,41.88121676243184
598,0.1218619456018751,47.43382236806944
599,0.11725978768606987,44.036793541456916
600,0.19794020593135597,100.0
601,0.16079005446968375,75.97497096272424
602,0.1266610604453688,50.979608738452555
603,0.09676114438811438,29.09614905071962
604,0.09712221426187845,29.354278440200748
605,0.19064669154612668,97.13257404866746
606,0.08496952047878209,20.852928760707655
607,0.11127257135413726,39.630403694119515
608,0.16115254887177857,76.23654934547366
609,0.07675136311334518,15.417396562583995
610,0.11018031291368022,38.829015664546496
611,0.15525355237322824,71.96708733998041
612,0.1137936289413781,41.48335321970857
613,0.009024135192778587,46.276705408296415
614,0.12680376948498628,51.0850517201144
615,0.16847778971156752,81.49927912123817
616,0.18412376920967422,92.58075749798974
617,0.04325918800009887,0.2272394842309554
618,0.031091311357955287,1.8424048661509373
619,0.24634228117515222,100.0
620,0.14312434840906535,63.112056033930806
621,0.10843523305110152,37.55072915548771
622,0.07574127574975886,14.773909797472681
623,0.08415622994944971,20.301201201083696
624,0.05541407527133746,3.7259633808584844
625,-0.0013301963024498764,100.0
626,0.03402053965901669,0.7576674952027392
627,0.0395691349021301,0.0009622529800842296
628,0.08232998690652195,19.072333812000068
629,0.04605478946908846,0.7029934305201734
630,0.15968368301201125,75.17595994938812
631,0.10791976732851515,37.17368210382804
632,0.07899548892423794,16.868197865287325
633,0.019860645724244952,13.066980637423518
634,0.13250765538089915,55.297380884131286
635,0.12231826274124902,47.77089654876642
636,0.14331433797392545,63.25144454067318
637,0.09084116837931332,24.907075702946237
638,0.013855262228199675,27.06643604878823
639,0.14754118594024163,66.34732552246015
640,0.08139839180312465,18.451148240936803
641,0.14271859643916635,62.81430694085352
642,0.09037576559318757,24.58165436286809
643,0.12481961487186483,49.61897067884413
644,0.0650378905258052,8.414757303776693
645,0.12853620665931997,52.36496611998773
646,0.18658492557990503,94.30303480778858
647,0.10714341213472531,36.60630278456739
648,-0.003991840300306665,100.0
649,-0.00529054684988528,100.0
650,0.029620638286823903,2.608445116243018
651,0.14101140538440882,61.56061768985328
652,0.11512760408807288,42.46537149608999
653,0.26885447046351885,100.0
654,0.10618371605169688,35.90581404757227
655,0.10792609667389598,37.17831024748872
656,0.09239855017684229,26.000506221932778
657,0.08988886512497593,24.241889230023663
658,0.06112301366609525,6.3601639074068075
659,0.18464654099977357,92.94707159334125
660,0.21980279535096514,100.0
661,0.19532582164421358,100.0
662,0.10052384585038977,31.798399983821703
663,0.2734208218790404,100.0
664,0.009178859874579559,45.50071100507851
665,0.15779608621322075,73.81054416715386
666,0.07801713640832242,16.23224866494629
667,0.2351016827676822,100.0
668,0.11911033216390665,45.402068553687215
669,0.1439509856816046,63.71838960362639
670,0.10389961540701345,34.242960974911924
671,0.19899450096329174,100.0
672,0.06247326987834688,7.048605329976726
673,0.0962723601086897,28.747149694910906
674,0.0046060193560400475,75.19322727005414
675,0.2321768928180944,100.0
676,0.21251295056616615,100.0
677,0.07274865811498996,12.905868103645751
678,0.15240728009979038,69.89780975062268
679,0.04892581492304693,1.4200169217179222
680,0.11142470138665489,39.74209388424371
681,0.16156397349125234,76.53330846270109
682,0.14251387809663696,62.664047969918144
683,0.24045978284091407,100.0
684,0.2144840294540794,100.0
685,-0.008608665367478285,100.0
686,0.01825804817490949,16.039143653548184
687,0.24953017585988868,100.0
688,0.026374233610921102,4.926491712016889
689,0.17568585122974806,86.63241546228254
690,0.09449351866595061,27.481456657367026
691,0.08164912576131513,18.617943789357785
692,0.08414239186951217,20.29183670387861
693,0.04236896296142928,0.1278097491971032
694,0.047576084897911264,1.0563603370452355
695,0.14421703697549318,63.91345817743469
696,0.06678073990869213,9.383049068336216
697,0.1338163623080056,56.26291674249942
698,0.08425219941985769,20.366167136850166
699,0.2473179459107912,100.0
700,0.036977670150878855,0.16868112494972834
701,0.19007953773863084,96.73844396199519
702,0.19889967679835568,100.0
703,0.22192015260992187,100.0
704,0.11829871066546688,44.803140586605544
705,0.19716947670366092,100.0
706,0.11344583111570755,41.22748282205418
707,0.15715075231724135,73.34310607689693
708,0.13954917349532547,60.48569858669763
709,0.20570893196944773,100.0
710,0.1541069421767149,71.13418142430709
711,0.1791714821808656,89.09771866589185
712,0.11812512284697757,44.6750699840877
713,0.06387164343254861,7.7844226017646285
714,0.2533222991565681,100.0
715,0.10917539520709618,38.09257390655428
716,0.09656039972477559,28.952753363745433
717,0.06475887451700163,8.262626684856158
718,0.1021920160515711,33.00428255723293
719,0.10787748899640137,37.14276836249281
720,0.0928989130951187,26.353204761219395
721,0.15467407752127194,71.54627153176426
722,0.10849148189201248,37.59188890219055
723,0.0790895017869068,16.929578854368874
724,0.14376012219150297,63.57842492835287
725,0.2566325392775591,100.0
726,0.1127477560967507,40.71414097095411
727,0.11542619520816816,42.68530925560043
728,0.06307624049127632,7.363126661537256
729,0.15275623555526452,70.15181292091934
730,0.2353952939084576,100.0
731,0.01626313355174469,20.453710156618556
732,0.23044746018431056,100.0
733,0.06700966226407884,9.51245852824098
734,0.12725556025600082,51.418856683329274
735,0.06207271940982473,6.842052236551969
736,0.11157633772715367,39.85343856029967
737,0.1851429666133127,93.29468186729358
738,0.22126790333250396,100.0
739,0.2451987438378258,100.0
740,0.26009830425440406,100.0
741,0.14653139541404808,65.6086637694413
742,0.11677463521104292,43.679064367161274
743,0.19267005296973122,98.5360943647583
744,0.10364628719166291,34.05894279558233
745,0.26073090654753645,100.0
746,0.1541049400772475,71.13272625578401
747,0.20153969024828228,100.0
748,0.11108733489785354,39.49443090198043
749,0.13455907729407374,56.81065636411513
750,0.2003980445363196,100.0
751,0.24393728003782217,100.0
752,0.23476152402789396,100.0
753,0.053799955254244275,3.0751308089900427
754,0.12151183722408065,47.17522378584607
755,0.08349579339864072,19.855154751149392
756,0.23419031628907094,100.0
757,0.17776827119046612,88.10661630632738
758,0.04133630930684133,0.04694969265256298
759,0.21317360775060926,100.0
760,0.2246511729258227,100.0
761,0.12490410534161536,49.681400775673744
762,0.2026131670539837,100.0
763,0.12854149315415392,52.368871288170425
764,0.23172808750618495,100.0
765,0.25729491910977714,100.0
766,0.03792140269757953,0.07293546850528392
767,0.15354256041801764,70.72386357306608
768,0.18999341901055,96.67857031042408
769,0.20668120551989425,100.0
770,0.284000258544717,100.0
771,0.2513330288409861,100.0
772,0.2567994158236646,100.0
773,0.20045897652841432,100.0
774,0.20737113984658828,100.0
775,0.037715503273065165,0.09030790022980863
776,0.12141020613990616,47.10016030532085
777,0.17705768234443497,87.60402169105815
778,0.12601673092025234,50.50352340189841
779,0.2590117543104917,100.0
780,0.11226006385979187,40.355693889441945
781,0.20287574198930908,100.0
782,0.21617710971570608,100.0
783,0.23566852721005904,100.0
784,0.05473033032157344,3.444645693803529
785,0.0354723660524382,0.41087544935569836
786,0.1417644384379284,62.11379269126101
787,0.1892049805535995,96.13007567882278
788,0.20256390706085142,100.0
789,0.21708741983995083,100.0
790,0.02923059431664743,2.8393056412788504
791,0.24148514486893283,100.0
792,0.18464265174654684,92.944347302061
793,0.18529828450620375,93.40339092016636
794,0.17659112918678116,87.2737777218202
795,0.16566776584940446,79.48577921395334
796,0.20647180085482847,100.0
797,0.24098280020848373,100.0
798,0.2125194585459939,100.0
799,0.1722740068211841,84.208506847184
800,0.27082175069317704,100.0
801,0.22833534279282447,100.0
802,0.13206880709544544,54.97350714357809
803,0.09878133822235519,30.54371786353909
804,0.2406535389009008,100.0
805,0.21915868527775867,100.0
806,0.2620309092282883,100.0
807,0.2197199915443258,100.0
808,0.3552932979355444,100.0
809,0.19643842221932029,100.0
810,0.1085948256523318,37.66751786610305
811,0.1539772288480719,71.03989709154094
812,0.23288451836263746,100.0
813,0.1755942496686827,86.56747655047549
814,0.20167445302982817,100.0
815,0.237795920971076,100.0
816,0.037811475789549784,0.08197034094986196
817,0.1268194625614218,51.09664674474783
818,0.05133486404248348,2.175555045883702
819,0.2513161982653185,100.0
820,0.2090812804733722,100.0
821,0.17340982508869374,85.01660786347674
822,0.278830322303596,100.0
823,0.26963156265604626,100.0
824,0.18987921298870458,96.59915792766476
825,0.2123968870682438,100.0
826,0.24004648301370657,100.0
827,0.2259029077395575,100.0
828,0.16004968163487815,75.44038786619468
829,0.25084202732265115,100.0
830,0.24590706110667293,100.0
831,0.2298381800899262,100.0
832,0.24071527184044017,100.0
833,0.03154611990400451,1.6371658586728948
834,0.18337036140970725,92.05237320547171
835,0.24464379514742685,100.0
836,0.24130986739784294,100.0
837,0.185476571626639,93.52814784203487
838,0.13049096275113747,53.80868126642727
839,0.2250632824738761,100.0
840,0.23998012422041737,100.0
841,0.22941232750963286,100.0
842,0.2157679334966934,100.0
843,0.2507570492556112,100.0
844,0.03655540173993385,0.22520264001953555
845,0.19276214458145774,98.59987880908194
846,0.2111531478130263,100.0
847,0.19287458766963178,98.67774777452709
848,0.16053756442098652,75.79271049463009
849,0.22106838368057574,100.0
850,0.24824496887035646,100.0
851,0.22786997308534218,100.0
852,0.18222060075072943,91.24497288685245
853,0.23268916382725946,100.0
854,0.18313688668449551,91.8885213427727
855,0.2303442388620202,100.0
856,0.1896400828757372,96.43283919439502
857,0.21320751707906044,100.0
858,0.2397461762112481,100.0
859,0.25204072342239303,100.0
860,0.17219431307018152,84.15176358661469
861,0.26557140437186977,100.0
862,0.20304366766798543,100.0
863,0.2167461140526808,100.0
864,0.24295583710524463,100.0
865,0.29134825351395655,100.0
866,0.06120794578650737,6.402800039835264
867,0.2613220205439444,100.0
868,0.2471233810469891,100.0
869,0.25777521109124535,100.0
870,0.27892912298710326,100.0
871,0.20789033391415546,100.0
872,0.2116983068714864,100.0
873,0.26920068957580645,100.0
874,0.17324007723059198,84.89591115740684
875,0.15742618357789406,73.54264933752987
876,0.24667232152472712,100.0
877,0.2469411973825063,100.0
878,0.2573429228878442,100.0
879,0.18265885593932757,91.5528787144117
880,0.26395489085423224,100.0
881,0.20495962552677843,100.0
882,0.24244454473245494,100.0
883,0.24005074099390344,100.0
884,0.25623701591306536,100.0
885,-0.006242523174941617,100.0
886,-0.006242523174941617,100.0
887,-0.006242523174941617,100.0
888,-0.0062425231749412835,100.0
889,-0.0062425231749412835,100.0
