index,pred,opt_pred
0,0.04875291737472922,1.370928391432538
1,0.05469855356083561,3.431769447488458
2,0.048809601986203176,1.3869428212095398
3,0.05038339191442817,1.8616553077745905
4,0.047867411578117025,1.1309945751384465
5,0.04215818903438697,0.10823305508223681
6,0.05171508785084705,2.3063754635366096
7,0.046956304631440494,0.9049040646351952
8,0.04741595537002169,1.0162668163073523
9,0.04763781685560442,1.0719937649822515
10,0.053779501396522045,3.0671840429319706
11,0.04405270557890418,0.33787751802678745
12,0.048499000161589555,1.3001488156185488
13,0.047067957139128834,0.9314420086680258
14,0.042041680379991404,0.0980787181996376
15,0.05076580608332502,1.985465539476335
16,0.03874443034104772,0.02239645904762158
17,0.044815759412699885,0.4629380341536189
18,0.0471967763757184,0.9624707458682457
19,0.048499000161589555,1.3001488156185488
20,0.047028768710038964,0.9220898185419499
21,0.038798699437194294,0.020103367928253516
22,0.048146109880994825,1.2044094206417106
23,0.038484397562521366,0.03514757497802321
24,0.05095304017469938,2.0472448724810612
25,0.0393541479005702,0.0038136713877329003
26,0.05001142553393397,1.7443326424676098
27,0.047706924826565016,1.0896112924265504
28,0.04872384086407829,1.3627438740573932
29,0.04708120743255034,0.934613363689507
30,0.048330433127906684,1.2540320547473949
31,0.04879838320921615,1.3837671599917263
32,0.04973490671054864,1.6591364611074675
33,0.05448363030855773,3.3451493933264533
34,0.03846440034529743,0.036249838504076766
35,0.05313507758905318,2.8208169926650397
36,0.0613194766399327,6.458927487971855
37,0.045411755191745486,0.572840400817673
38,0.03865188874197432,0.02659889946403689
39,0.04271444525614551,0.16321608351865183
40,0.05006910620605807,1.7623227124301095
41,0.0310970726911316,1.8397146234871418
42,0.04372504367258375,0.2897429894319511
43,0.049972457913045186,1.7322215079380816
44,0.04724341331600798,0.9738120771008439
45,0.04508087553854657,0.5105277460063674
46,0.05406648356353579,3.179386364964602
47,0.04322241559217763,0.2226071065659382
48,0.04516119873098174,0.5253586833693983
49,0.04046334631942672,0.009101673936842929
50,0.05512054779441542,3.604205861591551
51,0.04847210579451813,1.2927441647109035
52,0.04205725922965681,0.09940882486715531
53,0.053584770195563514,2.991915428152555
54,0.04095717236830166,0.02698221056999858
55,0.04646425883803965,0.7919434947734608
56,0.044241042340331736,0.3670752399478229
57,0.028442089075533805,3.343758770213151
58,0.03958495995419756,0.0008273164715956079
59,0.05501172243598657,3.5594407004475817
60,0.04586359787544838,0.6630646582531818
61,0.05768220410056047,4.7145379013096695
62,0.04739654756742906,1.011452653085896
63,0.047890672663572276,1.1370470608439858
64,0.05238456823421985,2.5439257214894644
65,0.05220023174803503,2.477614722103818
66,0.0482119176639104,1.2220288855528518
67,0.02685370661405945,4.524004292260652
68,0.04904997134313346,1.4557090002787996
69,0.052786677222810274,2.690912927428119
70,0.052872750646616985,2.722787862344623
71,0.046523949900107574,0.8052967622446874
72,0.03896565798806969,0.013837964498160781
73,0.04338132642023423,0.24294432348890677
74,0.04854893454345074,1.3139439180066579
75,0.052739563356983155,2.673526680451217
76,0.040650342808583116,0.014776042490873172
77,0.052178846829939556,2.469966040680864
78,0.047070711790307584,0.9321009298963885
79,0.04831492171250351,1.2498236405924965
80,0.04812218969674028,1.1980317923495603
81,0.052148127231373964,2.4589947533303538
82,0.04869580891969752,1.3548727621535654
83,0.03833453163003261,0.04383474232675294
84,0.03466846741432835,0.588476375805128
85,0.04952796444888721,1.5965221354492773
86,0.054683182229565586,3.425547224590481
87,0.06492025282795412,8.350516483922968
88,0.02829936786720122,3.4406386384440872
89,0.044865006782612675,0.47161925633351354
90,0.048377549329610414,1.2668516623727173
91,0.04289532655102888,0.1833739298708725
92,0.03896565798806969,0.013837964498160781
93,0.043052493300381335,0.20178134397758268
94,0.049456780923031345,1.5752130765891106
95,0.0482223849715381,1.2248413655163526
96,0.04428392911364983,0.3738784623694124
97,0.045910739495680995,0.6728139491407341
98,0.04271452371409774,0.16322458724225197
99,0.04411535666463062,0.3474671843648532
100,0.04847210579451813,1.2927441647109035
101,0.04938532072284524,1.5539397781318047
102,0.030253992294266993,2.2587920739999436
103,0.050797307944296426,1.9958068356903982
104,0.0508377835541608,2.0091255259551866
105,0.04792995773225318,1.1473000751093487
106,0.04011742433905651,0.00218689255413683
107,0.041879480250098376,0.08474046687953474
108,0.048064690420757665,1.1827598674517605
109,0.04601961662765736,0.6955705808880455
110,0.055256966448425836,3.660609906270958
111,0.04269515494251793,0.16113162958865754
112,0.04243510703612011,0.13427116279034357
113,0.04937913954361206,1.5521052740182673
114,0.056673051925242794,4.264530840991675
115,0.048655462929546055,1.343577434265429
116,0.04858132978690324,1.3229261831246342
117,0.048421412149214214,1.2788353057738506
118,0.04389124796041227,0.3137334653528854
119,0.03936162713019553,0.0036824807417550386
120,0.039941796126148864,0.0004814214217198605
121,0.05605554987223398,3.99711725771507
122,0.04485134597451159,0.469203858579697
123,0.04008536497483586,0.0017841770250157847
124,0.04578859123526613,0.6476825971349759
125,0.05007072725537561,1.7628293858557298
126,0.04243230703919676,0.13399457720675104
127,0.04395500855321455,0.3231697738127775
128,0.05762493770224508,4.688581484917998
129,0.05136827567581981,2.1869297112726507
130,0.042111874865942776,0.10413938200137864
131,0.05243736796282431,2.563044127616985
132,0.06557478890467909,8.709780187673367
133,0.029040096878808357,2.95648605109357
134,0.05149177707031066,2.229177711006157
135,0.04015060713957432,0.0026465299332352225
136,0.04383214971279195,0.30510225451888323
137,0.05157257786791652,2.25699079393352
138,0.02805760488232499,3.608757965687946
139,0.04882023232892485,1.3899547149204057
140,0.0501268726424936,1.7804145936232507
141,0.04358316156795283,0.26996250650243203
142,0.04440003691503236,0.3925826482605289
143,0.0395077541687294,0.0015825779361157716
144,0.052465721888929874,2.5733337227928
145,0.05467581035116733,3.422564611319106
146,0.051209256855620444,2.133003741986677
147,0.05091758185571832,2.0354871255397278
148,0.04057099491290039,0.012203765672991635
149,0.04448981457570311,0.40732999186241525
150,0.047599488402503165,1.0622756573416687
151,0.07577193453736168,14.79334964766127
152,0.053520540263445215,2.9672439386915705
153,0.041291209348599756,0.0442950847742247
154,0.050814140038962285,2.001341212399072
155,0.051337794971091304,2.1765519129168447
156,0.030326203082934117,2.2208586480197856
157,0.05000430352137,1.7421165584944047
158,0.03906925020022212,0.010545454131900145
159,0.08700536056017032,22.245181138136747
160,0.03376396982807459,0.8313330021370439
161,0.048827903277326085,1.3921298144574836
162,0.05258455561342684,2.6166313017432477
163,0.030495603137728738,2.133390415623239
164,0.04975687145214297,1.6658401237398672
165,0.04921571601916647,1.5039277451151294
166,0.058197343258851765,4.950241507187624
167,0.04642254026355345,0.7826687653680577
168,0.055348498559909975,3.698633866156601
169,0.05173388438031982,2.3129204382502033
170,0.06516770333589393,8.485815028101785
171,0.04920668252626851,1.501282966815198
172,0.047187833696722276,0.9603025724450799
173,0.04203400093411636,0.09742620565898523
174,0.03203511240061966,1.4322781321344973
175,0.043605698626281525,0.2730612471132825
176,0.054935287722518406,3.5281221395926243
177,0.05605715293190017,3.9978034442397536
178,0.029115040004742337,2.9100354504146204
179,0.04966445763101821,1.6377100012044046
180,0.04466516155249147,0.4368444505998426
181,0.04280502862281482,0.1731728708269173
182,0.042534639045525215,0.14427829903617076
183,0.052999835589040534,2.770112786476111
184,0.05527964304584813,3.6700167953836655
185,0.045781132042953955,0.6461616421246513
186,0.030339767237517187,2.21377656228349
187,0.04362650079343294,0.27593597640742007
188,0.044524501647478266,0.4130940802504578
189,0.055625636361441834,3.8146296603814718
190,0.04058345976888015,0.012591832253717216
191,0.04334895265932481,0.23873405349797752
192,0.045818658286543044,0.6538294288134208
193,0.0522110473821956,2.481486618150885
194,0.04607844763965264,0.7080057586939804
195,0.04881544893264277,1.3885990989428247
196,0.05562170296125738,3.812974265203512
197,0.05210451140868838,2.443450341804698
198,0.05022030279842121,1.809834405705086
199,0.10040985308552774,31.71616020861843
200,0.054964374087945266,3.5400280927754038
201,0.02963482716339341,2.600273384523649
202,0.03221542280946125,1.3607493583141583
203,0.041473066596737544,0.05545586647977452
204,0.06974809764047851,11.09759004536199
205,0.05584360043928153,3.906766084296646
206,0.04890759293885172,1.414809529596495
207,0.04549754655934727,0.5895191999113378
208,0.04501678157830905,0.4988304778563477
209,0.0399976063909604,0.0008903580174265104
210,0.04475530616062404,0.452381219408974
211,0.04887067062331316,1.4042824560110512
212,0.049782454258802754,1.6736619461242552
213,0.044945085049841925,0.4858905068539188
214,0.08054996016822162,17.88895970711886
215,0.1529554014041633,70.29674690597813
216,0.06678888889881134,9.387647064865455
217,0.04890918073969508,1.4152629673503485
218,0.09581876161602294,28.42373073631494
219,0.07135284877952079,12.056042210298369
220,0.04943414407042986,1.5684613341385143
221,0.039816216643579816,1.7128070191386485e-05
222,0.07775666908367995,16.06382512334035
223,0.04694543583322278,0.9023384627140482
224,0.05434096491146637,3.288105473149484
225,0.047957050578801334,1.1543937805830187
226,0.05171206153397253,2.305322376865971
227,0.050449474760692815,1.882820757227931
228,0.027804889722405284,3.789967761109372
229,0.043860212182264324,0.3091869060797085
230,0.055807993741989914,3.8916604535132513
231,0.054753766418839146,3.4541536136753064
232,0.05950126585002191,5.5641039667110155
233,0.03295269451863636,1.090113186295362
234,0.05072135815755577,1.9709109757528285
235,0.04545077156864854,0.5803991443445686
236,0.04919121164616285,1.4967579552333372
237,0.049756923368366235,1.6658559817153216
238,0.05074513691476152,1.9786920429527524
239,0.04723836225900719,0.9725809832532365
240,0.051658699473957626,2.286784692466901
241,0.05037579903681635,1.8592295954418314
242,0.05046065680441023,1.8864117530835516
243,0.09368062798860051,26.905514457008806
244,0.0442226506914043,0.36417523654273976
245,0.04965813495999618,1.6357925945656684
246,0.06298536066319342,7.315450322868755
247,0.04897638887611844,1.43451133947906
248,0.05357495386089992,2.988139859654333
249,0.07606750289365201,14.981058575768065
250,0.08798975193761467,22.923736599036083
251,0.029235561964077214,2.8362891362257456
252,0.042783286716568635,0.1707577187374812
253,0.04936019277489017,1.546487650443761
254,0.04727420606250887,0.9813316758317111
255,0.04993989091933774,1.7221260431488314
256,0.0494175787760171,1.5635280777859981
257,0.05226748384955745,2.5017284265753297
258,0.04892575755990497,1.420000516271668
259,0.04324142835960556,0.2249966697426863
260,0.04912483647408864,1.477408338295846
261,0.05587412583636967,3.919732821698537
262,0.11340344610054541,41.196305647017816
263,0.05804582569448929,4.880503600897918
264,0.04926545915514522,1.5185257119889106
265,0.053936405167737976,3.1283419206687935
266,0.05720757638227769,4.500921226415596
267,0.04732188530862177,0.9930239875876714
268,0.042775793140441144,0.16992901210933323
269,0.046256222908822996,0.7461702050413321
270,0.06968699121237111,11.06150652608398
271,0.08096300122306477,18.162217736358222
272,0.05143919174140169,2.211150027256035
273,0.05781216711408629,4.773628404266471
274,0.08538318729128813,21.13455933750165
275,0.03128557535341836,1.7529802956046017
276,0.04645384095593571,0.7896229525305659
277,0.05189153049220533,2.3680987489283836
278,0.04753090801169516,1.0449816701686259
279,0.047629224553116946,1.0698119175193748
280,0.0829338387356554,19.47707197059829
281,0.043426836791365525,0.24892087940104482
282,0.07772653461220973,16.0443640893546
283,0.05420616925388213,3.234544060949846
284,0.04882394158608505,1.391006298891078
285,0.08236155935680227,19.093455488086743
286,0.058912418749874185,5.283886920812908
287,0.05217873853468565,2.4699273304353295
288,0.062490622827991595,7.0575971684473435
289,0.04681049694175069,0.8707490801391118
290,0.0391630611867275,0.007954043304867557
291,0.04996623691935298,1.730291202164096
292,0.05541740074715818,3.72735124282523
293,0.058675437897386336,5.17249641793349
294,0.06278604004080147,7.211220876108294
295,0.049622002583458315,1.6248527896231924
296,0.053005266527867044,2.772142150787041
297,0.06171440459326921,6.658926953041431
298,0.04300983902576402,0.19670409081180967
299,0.05284393940772519,2.7121023788531424
300,0.050818013810030926,2.0026157722851536
301,0.05749446314365225,4.629628969482998
302,0.05602528721629988,3.9841713175681157
303,0.03882887007442045,0.018883126107858087
304,0.051391370146418335,2.194805703606298
305,0.05175137549394938,2.3190174019162533
306,0.06642080615552533,9.180600158919043
307,0.0535995974764677,2.9976217249981385
308,0.09459156324671854,27.55102954897368
309,0.05688050117502611,4.355740568642289
310,0.062477741856448055,7.05092224812932
311,0.0626983550570994,7.1655153760095045
312,0.0525247722883756,2.594814125019475
313,0.056593255423260026,4.229628639130293
314,0.048376458737123484,1.2665543088465727
315,0.044858930455738744,0.4705441960998949
316,0.0583136261303012,5.00399177369065
317,0.04918537274583645,1.495051628442182
318,0.07443146965966252,13.948965295078928
319,0.09149422094609079,25.36475963487663
320,0.05477094579734945,3.4611293448071163
321,0.07370662607028415,13.49727826934588
322,0.03909658071279054,0.009752298388941363
323,0.04409943541953051,0.3450185432790039
324,0.05391370484930976,3.119465772145067
325,0.14866094295988988,67.16569719808633
326,0.05528443586550602,3.6720061180830466
327,0.045146806703755836,0.522687308990784
328,0.05095940148304386,2.0493570979946685
329,0.054939932353186394,3.5300223432647195
330,0.04664203355071259,0.8319993404515277
331,0.08700647202856272,22.245945388397843
332,0.057916855932709864,4.821412097916831
333,0.05968900958904163,5.65445891033447
334,0.052859063643798505,2.717709631585901
335,0.055249100064805434,3.6573487667211224
336,0.05580694954394044,3.891217785857999
337,0.05937422995745756,5.503241293272199
338,0.03917093470736236,0.007753347432947751
339,0.08200871351779694,18.857660371215566
340,0.0678058374272339,9.966379288507257
341,0.04982589238784507,1.68697720848357
342,0.043147925422721646,0.2133598936286658
343,0.053700845661096376,3.0366967490615533
344,0.04792626416490808,1.146334427315382
345,0.07723428552872176,15.727196271680194
346,0.04969602640434476,1.6472972687335565
347,0.04720510684538426,0.9644923818217129
348,0.04934385439974032,1.5416501442069326
349,0.10694308276752591,36.45999861397391
350,0.03389807422261119,0.7923494863325704
351,0.07435949810320584,13.90395861604826
352,0.0534060546461436,2.9234605839441183
353,0.05945003865267984,5.539534237585583
354,0.03567931450099482,0.3707441964437409
355,0.08101022326239064,18.193511200489397
356,0.05931380214407578,5.474368989027859
357,0.044676030342121344,0.43870468380698857
358,0.05036652428167535,1.856268302329339
359,0.06250670182844291,7.065932073434833
360,0.053718585102490245,3.043562614083727
361,0.05496845739566377,3.5417006956735637
362,0.05876232921693669,5.213245542560437
363,0.04640051917598779,0.7777923931973904
364,0.05874996961836957,5.207442697102616
365,0.04847779024080787,1.2943077474777118
366,0.09142855111744219,25.31868115876101
367,0.09913176587845057,30.79560963830772
368,0.05682419438711935,4.330916668572333
369,0.06498600236628294,8.38640376033522
370,0.05196441346316679,2.393780632695437
371,0.05233415925128909,2.525724749033593
372,0.058370541474420924,5.030372438109792
373,0.08533414314301362,21.101134690725164
374,0.08996900742413043,24.297764395309972
375,0.05829273713973593,4.994321476038621
376,0.09084863948950528,24.91230484387506
377,0.08255903289156459,19.225664452074458
378,0.09708804601549281,29.329840043866767
379,0.10648087596901949,36.122605230682
380,0.058211186419913775,4.956629905432264
381,0.10296835853953179,33.56692494638665
382,0.04353929050578187,0.2639774664607134
383,0.056995830887379285,4.40674163330294
384,0.04703904388546328,0.9245380119340341
385,0.05925266673458888,5.4452103488690655
386,0.03262686492512953,1.2054478436214229
387,0.07939637719564079,17.130260689308862
388,0.10505260789283437,35.081553045502375
389,0.05533372645438417,3.692487604979342
390,0.06949500244132285,10.948339692586847
391,0.11061010002974007,39.14423772104752
392,0.057555275519786064,4.657073673139112
393,0.08852057267250579,23.29100230834356
394,0.07306045857947589,13.097651929203444
395,0.04986792238598925,1.699901797026751
396,0.047567419772883944,1.054173776458123
397,0.06037243066109068,5.987402002575413
398,0.054480981914741856,3.344087134669283
399,0.06067610126725816,6.137333433798021
400,0.0637968649887738,7.744511929950115
401,0.04544517464055087,0.5793121208194985
402,0.04594784454675752,0.6805317993212004
403,0.057272330580693996,4.529861504529181
404,0.08810863733323708,23.00590993298581
405,0.10010940024018684,31.499503677063323
406,0.053338179889703165,2.8976194941267734
407,0.06043566493106384,6.0185229174744785
408,0.059491878485480265,5.559598861062973
409,0.05762124369833746,4.686908857051268
410,0.09603754901814769,28.579671996966976
411,0.059803529016904146,5.709810200953094
412,0.04395251729616264,0.32279866400400514
413,0.0843758546170595,20.449930027575046
414,0.06333894995843403,7.501480772352671
415,0.07283630139544517,12.959706064355093
416,0.08573218805376415,21.372676641051488
417,0.09065611099735889,24.77760299867094
418,0.07000634033418862,11.250424905192205
419,0.07656271388421317,15.296748669361454
420,0.1166238747340188,43.56791970332696
421,0.052195811505707734,2.4760329931607608
422,0.06500065083215108,8.39440534421508
423,0.06197333291063817,6.791101144213332
424,0.07819350708495106,16.346507809571964
425,0.059411554483195315,5.521100226217263
426,0.05572824537934181,3.8579049921075432
427,0.038849594025540134,0.01806750544941585
428,0.08271656937344281,19.331259558385973
429,0.08708580902681233,22.300509113339032
430,0.06803095064045285,10.095783351127903
431,0.06929939239042571,10.833357507311446
432,0.059585006236392235,5.604345681811534
433,0.045002282842695064,0.4962013585736923
434,0.06765626042576471,9.880652373182953
435,0.03954959176372547,0.0011430209802015159
436,0.08396307120629525,20.170558052607618
437,0.08187661462405955,18.7695285466983
438,0.03905104821726788,0.01109114896670791
439,0.07937309762500804,17.115019742320946
440,0.08422084229433997,20.344935991431644
441,0.05725355665590468,4.521464289796923
442,0.06381254007936504,7.75287287211828
443,0.05928840843495501,5.462251085792164
444,0.0692603382635583,10.81043982440086
445,0.09564656157634728,28.301068632596927
446,0.05356295073597043,2.9835256536669577
447,0.09911781827493782,30.7855796552561
448,0.05727588547495299,4.53145215339135
449,0.040305039886151355,0.005356114285667136
450,0.09224214868987209,25.890396841822724
451,0.0612870998949237,6.442617846528471
452,0.060000576140171735,5.805466572329616
453,0.059248021180041466,5.442996776047515
454,0.0541495306369244,3.212136482598346
455,0.059642335252266254,5.631950903915327
456,0.04662672940268612,0.8285171673334115
457,0.055572100486239694,3.792121100926354
458,0.08513557318510434,20.965899988061995
459,0.08262789248871576,19.271806853812514
460,0.15508540088717548,71.84500056791117
461,0.06953088849608675,10.969469055244339
462,0.08153284454443677,18.540553631488194
463,0.10137454089005937,32.41280153977989
464,0.20974280536676584,100.0
465,0.08727643831551139,22.431704201873817
466,0.0696020652296065,11.011409233989061
467,0.06596201475426029,8.924388537311154
468,0.05657693501672645,4.222502783296463
469,0.0694698773855069,10.933552754203657
470,0.09195955849715985,25.69161517732697
471,0.04632577858951118,0.7613413555900238
472,0.06104329400945352,6.320227906398259
473,0.09754771878224715,29.658812770726936
474,0.06344157147358247,7.555739769623041
475,0.08705159471592121,22.27697562293608
476,0.09515182343163409,27.94902345279231
477,0.07891811754839573,16.817717181150773
478,0.04174599159299638,0.0744659385199051
479,0.07114920622361542,11.933284857071156
480,0.06893700596556385,10.621203716578457
481,0.0576117464248771,4.6826094861761485
482,0.06426745192989643,7.9967008965706405
483,0.08437208455427676,20.44737530523061
484,0.07389993060060378,13.617389133660259
485,0.0728186967554834,12.948887378518346
486,0.060422269895024416,6.011926115171064
487,0.06403756325097383,7.873198357163163
488,0.0799116301431274,17.46830674078778
489,0.11568567460594965,42.876472956483056
490,0.06764261469130446,9.872841842210384
491,0.05513776205218279,3.611305665780798
492,0.15122746342448193,69.03840654853181
493,0.09662472881762692,28.99869565449337
494,0.03860734089908998,0.028753727822944095
495,0.11771817668003981,44.37487082089038
496,0.12403366387723273,49.03824116095747
497,0.05346230164573845,2.9449406317443207
498,0.05863193657664687,5.1521365156571015
499,0.1298090764843995,53.30513291321544
500,0.13855214896421944,59.752211881834235
501,0.08495493835741463,20.843013213210575
502,0.06376837964968056,7.72932513007515
503,0.07794267016785363,16.184058587507003
504,0.056404558528912054,4.147500322840554
505,0.07742833591089626,15.852062449953142
506,0.051763192782119306,2.323140175975989
507,0.06367150940143669,7.677747079219651
508,0.1131478536417958,41.00832257540871
509,0.06262558148660914,7.12765103474228
510,0.08946681729644997,23.947962238423052
511,0.0787533728280689,16.71033616911985
512,0.06113311134375565,6.3652281686651255
513,0.056215411057179976,4.065752887821205
514,0.1300519754445595,53.48451444206134
515,0.07139572585164888,12.081929599866994
516,0.0657581038906686,8.811188155112893
517,0.06646767153037814,9.20688881892574
518,0.16847546942106292,81.49761934066488
519,0.06705125543944616,9.536024736979256
520,0.06717599621289523,9.606799703007107
521,0.07606006316630082,14.97632718800023
522,0.043250510290711475,0.22614230478821984
523,0.055917685859429876,3.9382632426818716
524,0.06170296354466278,6.653105702979394
525,0.05709809821902634,4.452140595634428
526,0.08380952512083106,20.066816895140516
527,0.09620312808191878,28.697757997799854
528,0.08049488954147843,17.8525891058026
529,0.078731253999611,16.695930105255094
530,0.060799350281542486,6.198528426045786
531,0.06621602130518223,9.06598096243417
532,0.05835398768255936,5.022694752708922
533,0.12809271073960518,52.03734119615403
534,0.0599672523677916,5.7892527297644945
535,0.08460923409561456,20.608187437110683
536,0.05837523004682219,5.032547735946824
537,0.05558813197743395,3.7988563017166896
538,0.07654890037211808,15.287922752995714
539,0.05545686635081396,3.7438362465472887
540,0.16415827692302784,78.40139956945775
541,0.1238052372054242,48.86946483259098
542,0.07703455474597405,15.598901874527643
543,0.06677099295745181,9.377550274749632
544,0.04165772968331941,0.06802353992805801
545,0.0752451817535074,14.460168332845782
546,0.06927864277719013,10.821179635248791
547,0.09329494266225569,26.632820478844344
548,0.08832917566453465,23.15847042630464
549,0.045930084603566255,0.6768328786170615
550,0.06476660481870238,8.266830470171936
551,0.08248001282733282,19.172739496299336
552,0.10224363125847069,33.04166252310922
553,0.0548778081656186,3.504637321282475
554,0.07541704788391175,14.568685190539751
555,0.06395360513576913,7.828238370330581
556,0.06127171249685548,6.43487114735023
557,0.07164911268387975,12.235201075972997
558,0.04763233785342847,1.0706022601545953
559,0.11715128012521532,43.95677706046617
560,0.11847344718231634,44.93206855339771
561,0.05529661207518736,3.6770617805336285
562,0.15293659410029067,70.28306192122557
563,0.09851415361192528,30.351814267174028
564,0.06964354306633543,11.035869212198966
565,0.08061910410951449,17.934645868104703
566,0.09572886291247946,28.359685624599496
567,0.10117939055808645,32.27175443585856
568,0.08212337435594134,18.934222628469062
569,0.1842665327174101,92.68082003533802
570,0.06283796833725487,7.238330787834886
571,0.06495778205792335,8.370995041000057
572,0.07683590944257457,15.471535307775254
573,0.05215784165976978,2.462462138447712
574,0.12355714945831116,48.68616540698842
575,0.04873038969938278,1.3645854692318324
576,0.048455201502062784,1.2880991008685128
577,0.06192523121988632,6.766484724038674
578,0.0677866707252438,9.955382836957881
579,0.14987203654816775,68.04992977452592
580,0.060198995410607914,5.9023168953382665
581,0.06441721845732871,8.077469322496242
582,0.0759601862872152,14.91284204361314
583,0.28421683776174284,100.0
584,0.06651746025750109,9.234840794612598
585,0.05732180886817304,4.552018255449319
586,0.09915348959705439,30.8112322714311
587,0.07459305602855004,14.050136393208424
588,0.06034842583252823,5.975601779811322
589,0.08703889158127014,22.268239129074733
590,0.043724611606972164,0.28968177226941955
591,0.12866637730384436,52.46112302018308
592,0.08690053079334603,22.17311944201025
593,0.059306754850565545,5.471005112736667
594,0.22343907781071504,100.0
595,0.05258585473573573,2.617106182233446
596,0.050785390250558914,1.9918920177940467
597,0.11722447303611834,44.01075104602393
598,0.07238230157573339,12.681420945169123
599,0.07518284095693845,14.420852495817947
600,0.1863756765562717,94.15683261905718
601,0.11223312950314317,40.335902149285424
602,0.06689739137404731,9.448929360503298
603,0.051612034257629946,2.270621709506742
604,0.0897294327554905,24.130791283646072
605,0.34483059417564577,100.0
606,0.10868260954532853,37.73176769700211
607,0.08910186105568552,23.694242112594242
608,0.15254956850170784,70.00139106504568
609,0.053453183992938934,2.941454665932887
610,0.09554435656757787,28.228296695419473
611,0.09085420583983532,24.91620092004435
612,0.05999211900446866,5.80135029639367
613,0.08294921640868462,19.487399946375888
614,0.07659316433302439,15.316208501015515
615,0.0962245440395928,28.71303552895529
616,0.2799056486415752,100.0
617,0.07218387773798592,12.560265928496584
618,0.053031592943568136,2.7819875198426254
619,0.1762421487098119,87.02662484430105
620,0.20902151145743664,100.0
621,0.07198575888003833,12.439587221237359
622,0.10553194526379221,35.430671315587254
623,0.0698917070310912,11.182513877224808
624,0.06985596318117794,11.161360681329752
625,0.039071250065104014,0.01048634967723059
626,0.06807202318523248,10.119443074987943
627,0.06796555486263607,10.058143793225906
628,0.09193360795063484,25.673371708451118
629,0.08462932741115413,20.62182317614271
630,0.16140376902726086,76.41776972828518
631,0.09626967610066257,28.745234671315966
632,0.06662290504278846,9.294118372371855
633,0.06865056803000935,10.454315843423144
634,0.08255696923078511,19.224281929559208
635,0.08578750073178833,21.410457995618643
636,0.1068556474197931,36.39615639234561
637,0.07687810306361471,15.498569490594338
638,0.0774677490690544,15.8774501183204
639,0.18261727112953585,91.52367023324426
640,0.10077905346872056,31.98259671428619
641,0.06846059433560274,10.344027533988763
642,0.05945924602665925,5.5439476306052065
643,0.09072459859576631,24.825507738841523
644,0.06440522985171922,8.070994977612878
645,0.13114196050121352,54.2893375538207
646,0.2469327476861536,100.0
647,0.057324338821597785,4.55315220211619
648,0.0614832072224197,6.541607788088685
649,0.0596974303794288,5.658522883804416
650,0.06953867168235996,10.974053149164876
651,0.09964386629457538,31.164111577296516
652,0.09178033358497151,25.565655997199134
653,0.2034044474559676,100.0
654,0.2576902759683924,100.0
655,0.05726183387673467,4.525165859825695
656,0.06695532489216312,9.481696390063085
657,0.08503288781241929,20.89602695651344
658,0.054915184958411335,3.5199020630738334
659,0.09853975429904116,30.370196026504107
660,0.2175282842723345,100.0
661,0.2061815576774131,100.0
662,0.07021326838561111,11.373285965329881
663,0.2704909291103333,100.0
664,0.052041952164060455,2.4212217051958715
665,0.06571314174819871,8.786283998228429
666,0.0878776852355541,22.846319844219547
667,0.2347349558533577,100.0
668,0.09231792675670907,25.94373776536873
669,0.11045760895432281,39.03237799225792
670,0.06151568074294269,6.5580460744427596
671,0.09344946600313202,26.742029496133146
672,0.06926755672340623,10.814674772135469
673,0.06550623040146841,8.671942238065766
674,0.0425780172347792,0.14874601584265634
675,0.18594022840696078,93.85244974644722
676,0.09258490269430053,26.131786547025655
677,0.05403041521134585,3.16520169822427
678,0.11412474061971038,41.72701325191558
679,0.05331067315299131,2.8871720155228844
680,0.07226249670367597,12.60823502396667
681,0.12510401662038992,49.82911588323765
682,0.11832592618776301,44.823220701923205
683,0.2907336620428053,100.0
684,0.18295914722816264,91.76374947980162
685,0.05978400856685173,5.700362649773904
686,0.05932470886125026,5.479576442963751
687,0.15454515366986812,71.45261363626065
688,0.053065177936190734,2.7945667478236587
689,0.11049197350424246,39.057584465293175
690,0.07930392249721759,17.06974796884137
691,0.06418528769188242,7.952493634741635
692,0.10224461709369752,33.04237650797581
693,0.09091501272951474,24.95876753978247
694,0.07199670999239405,12.446250177094084
695,0.09617163387313295,28.675292721756207
696,0.08335557040931581,19.760686221125884
697,0.08806137346362526,22.97323557340364
698,0.07910113975385606,16.93718052490091
699,0.2228102404748702,100.0
700,0.058218271232276075,4.959900525254842
701,0.09354545563283634,26.80990016473399
702,0.12399980990368142,49.01322747681392
703,0.1798178663582252,89.55364738191035
704,0.08777424990656756,22.774903417214684
705,0.1340932339129675,56.467124418089966
706,0.05797440457607247,4.847749175547214
707,0.06763844364993708,9.87045476841776
708,0.15585581134121637,72.40418872989234
709,0.1832603847326774,91.97519838087219
710,0.08409410225383396,20.259164330527224
711,0.19673728481932518,100.0
712,0.0761416931423486,15.02825927557879
713,0.0770773368291023,15.626362885433187
714,0.1988889050834691,100.0
715,0.11674069749228137,43.65404375864583
716,0.05989064063766484,5.752033714926459
717,0.0765644255883039,15.297842413798831
718,0.05519713100070234,3.6358307936713095
719,0.11850886604445283,44.95820326497212
720,0.061138384245636036,6.367873188204288
721,0.1378371409242594,59.22593801991771
722,0.07143876847677795,12.107931133707535
723,0.07444807564240119,13.959354549134373
724,0.1633888449027073,77.84792756124168
725,0.1568166699525477,73.10099459866288
726,0.09435919122641838,27.38617427265273
727,0.09514339705136961,27.94303221318791
728,0.05779287685839929,4.764841589894266
729,0.11733516711803553,44.09238305969081
730,0.2565749529274479,100.0
731,0.048483284963473615,1.295819897869533
732,0.1994427861296566,100.0
733,0.0699312455614645,11.205925052943783
734,0.16388337210069545,78.2037098415508
735,0.06254154408954649,7.084003856387429
736,0.06905967494507248,10.6928922533189
737,0.12061542307904512,46.51320780257173
738,0.2295198850641571,100.0
739,0.1766834889955442,87.33916944521175
740,0.24252050830307034,100.0
741,0.147421880769834,66.26008595036527
742,0.06890097556271535,10.600172019555687
743,0.1265875872892864,50.92532143589571
744,0.05622604552582866,4.070333564128475
745,0.27147633026077983,100.0
746,0.07767274105880258,16.009636590629604
747,0.173153304546808,84.83420267621295
748,0.07007351526400714,11.290270842517472
749,0.08747235306339529,22.56666897184665
750,0.22105539881664224,100.0
751,0.20268414199121862,100.0
752,0.17425476569285267,85.61700242995457
753,0.07907865761379806,16.92249631511217
754,0.07172143694009754,12.27903892868972
755,0.06814014255449108,10.158716597282488
756,0.17955016852371444,89.36487355500891
757,0.14509901127762057,64.55984086347277
758,0.06787400469012024,10.005515873541535
759,0.1695193394685011,82.24386043525693
760,0.22958948964988588,100.0
761,0.14026068082041446,61.00886722645675
762,0.18335879407612835,92.04425650985505
763,0.06563753866587663,8.744454278953674
764,0.17635992754740193,87.11005001702952
765,0.30794178415787665,100.0
766,0.06102103142484494,6.309089823364669
767,0.08374324485939207,20.022065904566674
768,0.17087807431477517,83.21375968242023
769,0.17915230981497357,89.08418941181041
770,0.2542304031355856,100.0
771,0.19598980056804874,100.0
772,0.20734123414948413,100.0
773,0.1872425705304613,94.76225548811473
774,0.2134689426586488,100.0
775,0.060577387368552484,6.088462920598712
776,0.08906377067658999,23.667785631039195
777,0.17297515408500883,84.70748951621673
778,0.08347213135349761,19.83920772979369
779,0.22369104249074276,100.0
780,0.045539876399626755,0.5978271393800819
781,0.2404009199414537,100.0
782,0.22128124441550132,100.0
783,0.17978689062916198,89.53180751216433
784,0.06272896337827767,7.1814596085313855
785,0.06912731147768118,10.732474875035177
786,0.17493105194943204,86.097087915961
787,0.1330429506027628,55.69236672660606
788,0.22985011964643756,100.0
789,0.22464192191684604,100.0
790,0.06511462075015746,8.456737101480687
791,0.15704712774715246,73.26801773612556
792,0.14460179800723838,64.19549577079067
793,0.09558860717703115,28.259801128784805
794,0.12001808983714658,46.07215851468839
795,0.10153023368192012,32.525373201573196
796,0.17018959940758394,82.7225123343703
797,0.17012330751030158,82.67518899748744
798,0.22680269193641986,100.0
799,0.11961046037096974,45.771227579235564
800,0.25095294547906544,100.0
801,0.15975127059868827,75.22479879461378
802,0.07020201183276202,11.366593536650885
803,0.07800015994114322,16.221259801158126
804,0.2393836688963419,100.0
805,0.15337803297883076,70.60420597897586
806,0.1880631460045963,95.33466006802406
807,0.18651422695580785,94.25364244419404
808,0.1623885394531176,77.1276535889994
809,0.13077025790393115,54.01490581853747
810,0.07731201598522017,15.7771877467378
811,0.09239205408967936,25.995931564191963
812,0.17615861005937564,86.96744495918458
813,0.08510667514151425,20.94623193663427
814,0.1654032455018398,79.29589262209912
815,0.2006120261337043,100.0
816,0.06385078103874979,7.7732816975808365
817,0.11066226224738225,39.182505520967524
818,0.08138119144775609,18.439716848124704
819,0.174877740780499,86.05925825172099
820,0.17124843608633689,83.47785014325277
821,0.2397749419306078,100.0
822,0.24543250377053757,100.0
823,0.23386575828779102,100.0
824,0.2192140396420262,100.0
825,0.204446026591257,100.0
826,0.19597609041412675,100.0
827,0.22892003105706968,100.0
828,0.1339692627057482,56.37569182117408
829,0.18358645306948942,92.20397932963157
830,0.22056067097912377,100.0
831,0.15712080933714942,73.32140965520699
832,0.18380050767556413,92.35411231771396
833,0.10990692144257348,38.628578746912375
834,0.11417026124648987,41.76051604785669
835,0.18584436017552305,93.7854122784563
836,0.2794994588770869,100.0
837,0.2205455585211131,100.0
838,0.0935549617926482,26.81662286814707
839,0.19921214866140483,100.0
840,0.1889926791293157,95.98227995872466
841,0.12519661646318872,49.89753836116231
842,0.2273798195691535,100.0
843,0.18457981784973543,92.90033225675819
844,0.08695808591503947,22.21267894716537
845,0.20349863851310257,100.0
846,0.20238520365813736,100.0
847,0.16545295958300632,79.3315845050224
848,0.13254235324812527,55.32298614853583
849,0.1828090578734853,91.65836435681807
850,0.19866680069485407,100.0
851,0.17730681909193377,87.7802876723583
852,0.25556687072728823,100.0
853,0.12779093391444318,51.81439671122187
854,0.2529246420151845,100.0
855,0.24347744942927776,100.0
856,0.18856869129401602,95.6869853704392
857,0.17750987024367612,87.92390525137654
858,0.2554512345125653,100.0
859,0.23716996731508003,100.0
860,0.16794490605376403,81.11796720871772
861,0.18867087147362752,95.75816674183542
862,0.14647538775876623,65.56767627298572
863,0.21332285509149926,100.0
864,0.15256203302107482,70.01046416029338
865,0.2157017989286696,100.0
866,0.07303355278987363,13.081075308146529
867,0.22117083940261476,100.0
868,0.18528434776071082,93.39363735436193
869,0.19531664473093566,100.0
870,0.18928359633422429,96.18479368748018
871,0.23771349909489206,100.0
872,0.12728214302141114,51.438496879921836
873,0.19335807811061353,99.01243230795056
874,0.16172590981099833,76.65007518392824
875,0.10058478079880843,31.842370185222652
876,0.18477550077264526,93.03739536537756
877,0.22904428108379618,100.0
878,0.20014974439573585,100.0
879,0.12988011778794184,53.35759814254035
880,0.2445266206713327,100.0
881,0.22323852154948076,100.0
882,0.12047568969981388,46.41002669103254
883,0.41283234221714366,100.0
884,0.2307994147396675,100.0
885,0.05003113111048774,1.7504701930110196
886,0.05003113111048774,1.7504701930110196
887,0.05003113111048774,1.7504701930110196
888,0.05003113111048774,1.7504701930110196
889,0.05003113111048774,1.7504701930110196
