index,pred,opt_pred
0,0.05339836858046039,2.920529998253188
1,0.05129381798291059,2.1616134654241956
2,0.0501190618330143,1.7779639413872572
3,0.04991306886562396,1.713829508727338
4,0.04203855292588488,0.0978127312531024
5,0.05004078480010012,1.7534801536674507
6,0.04616084241958664,0.7255845587888066
7,0.04983929234292625,1.6910934401358422
8,0.05293988868139815,2.7477503743665657
9,0.051112292842536586,2.1003841516771624
10,0.047762225100330624,1.1037969281821811
11,0.04525559553014462,0.5430313585821155
12,0.05203681700509508,2.419400591744472
13,0.047938167573035234,1.1494476946900942
14,0.04339665732835872,0.2449500797858727
15,0.04713093794449737,0.9465574405698047
16,0.038455878888342045,0.03672485976523811
17,0.047059349892135956,0.9293844247379501
18,0.04989017708017219,1.7067615918737358
19,0.04981453158224357,1.6834905756607619
20,0.04668965697559043,0.8428758165576159
21,0.03825937530158541,0.04856337018715116
22,0.04892101349095144,1.4186440194055232
23,0.03882030332260696,0.019225645924182733
24,0.05154190483670076,2.2464165853023363
25,0.039806504023212834,7.616680942169127e-06
26,0.04442267963417434,0.3962787010534427
27,0.04865533515617236,1.3435417254181439
28,0.04921525506755857,1.5037927435583662
29,0.049124677706855205,1.4773621796152765
30,0.04903088081261812,1.4501970016127241
31,0.05384924670483067,3.0943133442933393
32,0.04970254149700571,1.6492787182004254
33,0.051558697231736374,2.252203166035762
34,0.03915991804373831,0.008034887236296313
35,0.05107273699162261,2.0871346183201416
36,0.05064520980730216,1.946075907566698
37,0.046411064995151026,0.7801260062774193
38,0.03918980668151247,0.007282866935456233
39,0.0445396788380239,0.4156277098046785
40,0.04937460653533331,1.550760495776211
41,0.029195918752053594,2.8604170287375266
42,0.04784222536161005,1.1244566541452086
43,0.049509010879305836,1.5908368215844202
44,0.04979805774788591,1.6784399864289923
45,0.04603332424543828,0.6984592947955597
46,0.04918156951300718,1.4939406263734625
47,0.04352165853964292,0.2615895859056659
48,0.04632521389933826,0.7612176491614311
49,0.04211545259312467,0.10445293043902112
50,0.04930409468112959,1.529904106792914
51,0.04996499693220419,1.7299065525177852
52,0.04299082448664958,0.19446028596446144
53,0.05081258718765206,2.0008303796880984
54,0.040691905516627186,0.01621974186690786
55,0.04833082167139058,1.2541375472104035
56,0.044363820941034394,0.38670381618951666
57,0.030519376547407873,2.1212847431531707
58,0.04181357570979338,0.07958819246751203
59,0.050627065899684756,1.9401770934937785
60,0.04525547854621221,0.5430092951305839
61,0.05193239301752438,2.38248420410931
62,0.04703278979490586,0.9230475599673233
63,0.046239950129619775,0.7426402158415081
64,0.047729258297621854,1.0953308688762575
65,0.052899604325749715,2.7327618236983717
66,0.04826011043789001,1.2350004981473637
67,0.028731917771178034,3.1523412999234717
68,0.05283324160949919,2.708138893582101
69,0.05354997127504231,2.978539160148083
70,0.0530537459590943,2.790282478338597
71,0.04727046716284384,0.9804173086806685
72,0.03890913082433946,0.01582629629786961
73,0.04357856378520883,0.2693323450874964
74,0.051595818445221764,2.26501575711449
75,0.05342445617925532,2.930481348217299
76,0.04657899521348474,0.8176970489783452
77,0.050286433046464005,1.830775730795073
78,0.04958790818835924,1.6145576302678564
79,0.043580761538884516,0.26963347897928464
80,0.05074064845548136,1.9772223545913987
81,0.054250671171492085,3.2521907882293766
82,0.04885728132796079,1.4004730651461998
83,0.03507711205180279,0.4938257254358279
84,0.04097150708169715,0.027639562053201495
85,0.04193786643008089,0.08943425306890562
86,0.05214813936488912,2.4589990829778436
87,0.042575428612146714,0.14847759462686344
88,0.031131577653837183,1.8236515907086954
89,0.05092242540441113,2.0370916209777166
90,0.04927960006452532,1.522686227263015
91,0.04437533754365898,0.3885688870802838
92,0.03908889968259401,0.009972032052637596
93,0.04341372216824739,0.247191703705696
94,0.05128408737827104,2.1583136032285077
95,0.047963456668161195,1.156073793519503
96,0.045514711979865424,0.5928819569608935
97,0.04168414362611757,0.06992212760025271
98,0.042655008998464375,0.15683412122910748
99,0.0424433729265558,0.1350892500708735
100,0.04927568355854632,1.5215334487779486
101,0.05013101169810156,1.781713783040044
102,0.03284516966259846,1.127436822445696
103,0.05313963192239267,2.822530582300248
104,0.05127150839388511,2.154050752743236
105,0.05362212966620705,3.006301121937086
106,0.04075902955764015,0.01869065232026229
107,0.037921188603595016,0.07295253269613193
108,0.04455342713030164,0.4179288791409518
109,0.049955937057893605,1.7270971947071156
110,0.049342577162732895,1.5412722400132095
111,0.04367078655516606,0.2821023635448801
112,0.042429056735539775,0.13367384917021324
113,0.05089145621756954,2.0268413358305866
114,0.05633812706355625,4.118723278840956
115,0.04469866853556131,0.4425907895359301
116,0.05063729833580888,1.943502904177433
117,0.049385742965137355,1.5540651274360826
118,0.04522692246361584,0.5376355670691109
119,0.04004337086355582,0.0013182919811152612
120,0.04084522974759011,0.022115208700134607
121,0.05662722077114315,4.244472324519947
122,0.04352949975151378,0.2626502713535426
123,0.040284101480622836,0.004933894173248933
124,0.048155955425156695,1.2070386058645748
125,0.04727074220974331,0.9804845603261934
126,0.03897023332144302,0.013682961300696283
127,0.046375328380831485,0.7722304809286737
128,0.045130217076567614,0.5196156139602501
129,0.04731440058073201,0.9911845819245312
130,0.041602506844146056,0.06413562019466867
131,0.05180753568995315,2.3386359646138226
132,0.049768837945933855,1.6694969589312516
133,0.028474016200205492,3.322324566614892
134,0.05021909050769441,1.8094514225609755
135,0.03884713196070411,0.01816344306991895
136,0.043172138609685225,0.21634561701469338
137,0.05271254634999974,2.6635762499926785
138,0.029446572667705583,2.7099808819056617
139,0.05030306143209741,1.8360567291553984
140,0.051178814882862286,2.1227412887803148
141,0.04510299757063198,0.5145933372652636
142,0.05113170219117062,2.1068976468610505
143,0.040848669980541215,0.022257730560900673
144,0.05360069899853476,2.998045810909771
145,0.05086592113816102,2.0184051878248224
146,0.050533427492035696,1.9098485530040437
147,0.04936518039539181,1.547965641505244
148,0.04252568913525609,0.14336453059842294
149,0.04798942042893642,1.162893456469627
150,0.05299940186604292,2.769950742869031
151,0.07116349520593106,11.941887899086689
152,0.04884478793723052,1.3969224543277656
153,0.04222328429203152,0.1141138157559371
154,0.05195350323408752,2.389929290161573
155,0.04682531671190092,0.8741945362938599
156,0.02910509582751526,2.916172692092724
157,0.04755640733963082,1.0513976901349522
158,0.0408459295566175,0.022144164058338325
159,0.09034287937226002,24.558683605696864
160,0.04270997212966893,0.16273160581209467
161,0.0494667002365571,1.5781754015020997
162,0.046508386244974165,0.801805677287632
163,0.02964050669608409,2.5970068100467056
164,0.04588452253194675,0.6673842892193494
165,0.049606939964323714,1.6203011659604856
166,0.05492330332734054,3.5232208391493716
167,0.05097412635362684,2.054249714081291
168,0.05214706729997707,2.458616545502928
169,0.04738986294599521,1.0097967830114083
170,0.06211123416069568,6.861829302147426
171,0.0550037970925251,3.5561886330324963
172,0.07227390976174855,12.615202446480033
173,0.04208187928950409,0.1015283041878101
174,0.0396941741588548,0.00017439142574606807
175,0.04334310009571048,0.23797657318918036
176,0.05323347366754503,2.857927141775951
177,0.05749454767873571,4.629667081115464
178,0.03338770555819709,0.9464012643734572
179,0.05556655604496695,3.7897927605393207
180,0.045696935078016546,0.6291036604642327
181,0.04478049844243071,0.4567671071832748
182,0.04613717063106909,0.7205147987769737
183,0.05397967269102653,3.1452863094374526
184,0.050513953540879154,1.903565286219302
185,0.04693915074580653,0.9008562939713098
186,0.029024240405670393,2.9663727078688225
187,0.044650255663442634,0.4342990809547615
188,0.0483763473360873,1.2665239366500525
189,0.05627983126953053,4.093529370320385
190,0.03187983579189508,1.4955992015529316
191,0.044719777477433977,0.44622836251617853
192,0.04838760799434141,1.2695955726939203
193,0.0532320322563377,2.857382180461284
194,0.04692267682954301,0.8969763711823181
195,0.05324662302767411,2.8629004092283052
196,0.054960219792910145,3.538326709633847
197,0.047624233333968015,1.0685453662145177
198,0.05102709330154505,2.07188740123682
199,0.08497304554900449,20.85532586249514
200,0.051442404879851286,2.2122499208944304
201,0.028619445967766992,3.225783434606217
202,0.03039930122450455,2.182854486930279
203,0.04145149341925762,0.05406856168918381
204,0.05132780784723244,2.173155835036313
205,0.04365617896129086,0.2800614220725985
206,0.04859151694983948,1.3257560834418478
207,0.04399400852361021,0.32900494003324304
208,0.04521643307067769,0.5356676726406704
209,0.03995260344207705,0.0005509027993416583
210,0.047929725214945214,1.1472392755122822
211,0.05155809324709326,2.251994934094393
212,0.049533296129181156,1.5981229274755357
213,0.04506785792919478,0.5081421430671164
214,0.0696421432273415,11.035043475706884
215,0.09232950094511386,25.95188630198783
216,0.06050913164537395,6.054745845302321
217,0.0523222881619152,2.521445872254312
218,0.09336413818898229,26.68171681458039
219,0.06085498920393482,6.226218387350196
220,0.053021381087447875,2.7781669777297466
221,0.04296424682633537,0.19134423095688544
222,0.0681293216073012,10.152475099101274
223,0.045722049577305565,0.6341705714638309
224,0.05148205922854497,2.225841819834562
225,0.04902378035687448,1.44814910429288
226,0.04980984168825109,1.6820521053984787
227,0.05425400948053146,3.2535159986067645
228,0.028483483242112594,3.3159855473948725
229,0.04460471499847321,0.42656424859756187
230,0.054360277091323274,3.295806000637751
231,0.04615141851527142,0.7235643786344466
232,0.06621134730758578,9.063369723263147
233,0.032836294159349404,1.1305499484583053
234,0.0431996677566902,0.21976376298265868
235,0.03914641609414747,0.008386876923272824
236,0.04803441986095992,1.17475326987003
237,0.0522096635413203,2.480991084952693
238,0.05107733350243569,2.0886725419505856
239,0.05347674835380021,2.950467263550596
240,0.05353305479607477,2.972044863014359
241,0.0432918683532883,0.23139368293918486
242,0.049317878761153,1.533972080604961
243,0.09525845701144964,28.02485495637818
244,0.043903062958342294,0.31547232186562674
245,0.04951834200007697,1.5936347440644045
246,0.058925216642327714,5.289925244876649
247,0.05311627805401455,2.813747778170312
248,0.056173385332671646,4.047668836065884
249,0.08576450766039309,21.394751164283477
250,0.0642211174023554,7.971762234326166
251,0.030199875115136394,2.2874763347507057
252,0.041314471263486176,0.04565493880327642
253,0.047231176952944,0.970830863718219
254,0.04897967160172776,1.4354542764423264
255,0.052068335022537784,2.4305864441780263
256,0.052899966262712025,2.7328963493200082
257,0.05281246635672745,2.7004481123319053
258,0.051702756070971564,2.3020854791221703
259,0.04573156866146545,0.6360957821512748
260,0.046669302165031144,0.8382195592054525
261,0.05270209532626776,2.659730940280155
262,0.10582483246660282,35.64412601588309
263,0.05186970476511889,2.360429074713927
264,0.049989005517902745,1.7373603093235255
265,0.06792320761493431,10.033790865214188
266,0.052934595566361,2.745779180449647
267,0.04958935212282464,1.6149930971533044
268,0.041877507429887696,0.08458398648073505
269,0.04019061924226791,0.0032585555034624213
270,0.05866367634660313,5.166988977745186
271,0.07306747636504546,13.10197642010093
272,0.05156629102537752,2.2548218769155843
273,0.06291347650445718,7.2778070691537255
274,0.08271912565227876,19.33297390875747
275,0.03383924684781795,0.8093204135575855
276,0.04624366580794446,0.7434455956993111
277,0.06053640166042682,6.06820941508659
278,0.05562020664382522,3.812344599274366
279,0.0421478651711665,0.10731401849569103
280,0.0765934846162834,15.316413212359514
281,0.04333675733317996,0.23715691330597774
282,0.05593720787798586,3.9465781016268044
283,0.053380926380508585,2.9138836749129884
284,0.048821197883392134,1.3902284202027972
285,0.0920423758709383,25.749848796070157
286,0.05916853455154132,5.405168759256952
287,0.05691952257333747,4.372973198509369
288,0.04965961088584262,1.6362400999963715
289,0.058382726728337234,5.036026543754309
290,0.046625634012057056,0.828268175637199
291,0.05649526221547937,4.1869067215171425
292,0.04917110535615023,1.4908855953214506
293,0.0577349152764189,4.738473477863569
294,0.0607420237182098,6.170040426298418
295,0.047625662664145946,1.0689080017334316
296,0.04799006227764811,1.1630622602711538
297,0.05664508474682669,4.252286709648829
298,0.044716452291770147,0.4456544593116032
299,0.05856577097940565,5.121221381961421
300,0.04981568021062259,1.6838429560517785
301,0.05200763455881226,2.4090615920275606
302,0.04465791042832737,0.43560538689745354
303,0.0416660148250869,0.06861635268114008
304,0.04683206619731302,0.8757656841314138
305,0.051125633623551735,2.1048602625796287
306,0.09662776552408259,29.000864611977764
307,0.05111887679549857,2.1025927321788016
308,0.0847651731489054,20.71405313753248
309,0.054167622074832576,3.219287566536618
310,0.058113946417324036,4.911815014613596
311,0.06224424803108752,6.930268924021868
312,0.05688569065653628,4.358030965199274
313,0.054742021507127904,3.449387547761427
314,0.05247465934097193,2.5765804131156034
315,0.04779066904276923,1.1111237809756713
316,0.051704134437330754,2.302564830055957
317,0.05380216332733574,3.075989155515391
318,0.06360694932356929,7.643430764437372
319,0.08780432013245523,22.795661518091723
320,0.06697295039249743,9.49167167360803
321,0.10217027075533276,32.988535703181114
322,0.043255215963320715,0.22673696635957966
323,0.045188300456932486,0.5304057479281002
324,0.0531962706510938,2.843874285091466
325,0.09384329253623826,27.0206353873278
326,0.054309428217867085,3.275544954633916
327,0.04510001647404815,0.5140446260602424
328,0.05197670683403098,2.3981231300479924
329,0.05965422313335752,5.637680828565291
330,0.04668815821146071,0.8425325845525934
331,0.056122247563056796,4.025702715682335
332,0.07698300086937901,15.565824588356714
333,0.06403446418496532,7.871537411262393
334,0.04796282244337933,1.1559074202861024
335,0.06665556672948354,9.312501573532161
336,0.06190929212015321,6.758333996915
337,0.06131802158790269,6.458194228500044
338,0.039888750368696366,0.00020813199183710262
339,0.08298555163110377,19.51180754694681
340,0.05744242306281598,4.6061880520096175
341,0.055616290423373585,3.8106967911738554
342,0.0400348567228509,0.001232371603072267
343,0.05613292578329053,4.0302859874313945
344,0.04612726298859654,0.7183975339480267
345,0.06360590079690288,7.642873815975347
346,0.04753549412894566,1.046134368503685
347,0.05151271214652411,2.23637088977149
348,0.04232168620819137,0.12328421061236726
349,0.14372697101045767,63.55411238086276
350,0.037292449876367345,0.13212173907354816
351,0.06021739937454825,5.911326701638382
352,0.05800244066014767,4.860597749930533
353,0.08988353463041007,24.238173504716368
354,0.033104809410758475,1.0385388205486916
355,0.09533615455062736,28.080125110830647
356,0.054060427290698196,3.177002946446101
357,0.04670885892185335,0.8472786342942168
358,0.055549369445152874,3.782578689354165
359,0.06503525991736306,8.41331916616815
360,0.06178165190970495,6.693175289933743
361,0.05070118350890063,1.9643189095252735
362,0.05269934808367681,2.658720485069604
363,0.03607001838174968,0.30103291457700937
364,0.05341230571386104,2.925844847202952
365,0.04836145622363423,1.2624668049699443
366,0.07633001686882798,15.148223234075664
367,0.08534971231903711,21.111744417123877
368,0.05251187093919436,2.5901151926258663
369,0.06740447973430601,9.73681574102319
370,0.05771525215899011,4.729539760567894
371,0.054157612826982705,3.2153304327255356
372,0.06519246412972807,8.499388692533879
373,0.08964218789706906,24.07002906053945
374,0.10809655782603031,37.30296969958794
375,0.057027542562356835,4.420801734042326
376,0.09146384579534726,25.34344483643272
377,0.0800477713736397,17.55785169301092
378,0.08130642644400578,18.3900440508749
379,0.09243781083853111,26.028156651388684
380,0.07831521062783987,16.425451607257465
381,0.07317910232615718,13.170809189642922
382,0.05978247228001564,5.699619334153719
383,0.053346515039997836,2.9007881395019304
384,0.056138347078306484,4.032613613035875
385,0.05610854793868321,4.0198253421352605
386,0.030159038376842705,2.309267022244435
387,0.09178275231848206,25.567355295707387
388,0.08159637794179794,18.582830045995227
389,0.05416950421660299,3.2200318699360944
390,0.09270852281579724,26.21892409064957
391,0.09233146332457123,25.953267904809092
392,0.11165393907493074,39.910426729944376
393,0.11001873103138302,38.710544409482516
394,0.046534973498509824,0.8077734716036437
395,0.05333336239611536,2.8957887015531774
396,0.0457702354853421,0.6439426453736293
397,0.06053917564524401,6.069579514338251
398,0.05875913927707284,5.21174765270542
399,0.0588742679763832,5.265900374049221
400,0.053274157096064624,2.8733248183244564
401,0.047583229532204105,1.0581646725822729
402,0.050293348299012476,1.8329711945086615
403,0.0642832624407951,8.005215945458941
404,0.07180388482152236,12.32906119210575
405,0.05785567563353574,4.793467287516722
406,0.06675320584229712,9.367517936376276
407,0.058989200569618726,5.3201491115496085
408,0.06007951645474725,5.843934933878898
409,0.05881266709401885,5.236901815930035
410,0.08384597926156141,20.091437740097852
411,0.039898072776532165,0.0002479990137459803
412,0.043551187761620466,0.26559438402974034
413,0.13933932432073332,60.33135373093034
414,0.06219235259242593,6.903541773796922
415,0.07695153029495666,15.545640503269674
416,0.08996627609309642,24.2958597919886
417,0.09834621108587258,30.23125904844375
418,0.06370874113093923,7.69755850414672
419,0.09173539949049309,25.53409015661646
420,0.10235418312241111,33.1217379760272
421,0.04681378393615843,0.8715127655883889
422,0.0587272733999052,5.196792498357427
423,0.10324228022287937,33.7656514250144
424,0.07535552327129647,14.529816849512677
425,0.06412583710331204,7.920553085761387
426,0.049184831045444286,1.494893365822742
427,0.037431770551033756,0.11743316700259354
428,0.08410038309426361,20.263413356577715
429,0.08178576871066874,18.708965720078904
430,0.0730662938657546,13.101247717483576
431,0.0729090092259443,13.004411113743878
432,0.06102301848335008,6.310083701323844
433,0.0514228937519744,2.2055743681847186
434,0.08171583535058871,18.66237024175791
435,0.034265760531171675,0.6908272546881329
436,0.09429477781381386,27.340499209633588
437,0.06419344866348833,7.956881231916679
438,0.04153961878892838,0.05984253411676509
439,0.08246675083290855,19.16385978407994
440,0.07184972791107906,12.356896960484116
441,0.08726592777014786,22.424467308833947
442,0.06674804950875685,9.364610216097537
443,0.05492488593317835,3.523867939644667
444,0.10166273713293741,32.621207820426996
445,0.06964260430062795,11.035315451632293
446,0.05442556520475435,3.3218884601670142
447,0.09060246580735679,24.740089586826944
448,0.05479543352021421,3.471081608004832
449,0.04743281938426117,1.0204579405367804
450,0.06992184514082084,11.200357797484896
451,0.07110810170876501,11.908545693874233
452,0.0832543032701006,19.692514396336268
453,0.07724201552927659,15.732166176055628
454,0.06866068131010346,10.460195962393305
455,0.06955280989518706,10.982381489942599
456,0.05450550071545403,3.3539262922095414
457,0.058734112147612816,5.200000802713096
458,0.08140904746182445,18.458230711847534
459,0.0706550478847522,11.636747756375971
460,0.1317600249374182,54.74559537876977
461,0.083529028410835,19.877557467577738
462,0.06187345129495882,6.740017538418059
463,0.14895570481900924,67.38099248325561
464,0.16856862869198086,81.56425557313443
465,0.06582443485490583,8.847965626502681
466,0.08123823961995673,18.344764705412633
467,0.07217578674906099,12.555331826600655
468,0.07130535289024238,12.027382677126768
469,0.07689283369482183,15.50801012406651
470,0.07538047231815201,14.545575595046977
471,0.049595102973964314,1.6167279371396115
472,0.058405914366309555,5.046791874739408
473,0.07592452902439001,14.89019190040384
474,0.06345814699827937,7.56451494599845
475,0.08351074213460444,19.865230664093996
476,0.09126049795667959,25.200818639258202
477,0.0818926925550745,18.780250918700773
478,0.06284086133143743,7.239842043667349
479,0.07120931113485852,11.969483215266468
480,0.07545138327838255,14.590387054247774
481,0.05577398615998208,3.877252931376917
482,0.06434265799771854,8.037228805830788
483,0.08659246171159427,21.961574790641187
484,0.06791090009568934,10.02671615024498
485,0.08703843740404148,22.26792678234864
486,0.05562802631077455,3.8156356119583497
487,0.08039581055836306,17.78719137676933
488,0.13252765857429466,55.312142262751124
489,0.10738718604543822,36.78439217432163
490,0.09414996247268326,27.23784808911049
491,0.0643090368662426,8.019103073521823
492,0.178478365202957,88.60839245815565
493,0.09062047757407812,24.752684051309743
494,0.03748265534462782,0.11229432640016945
495,0.0983990608382189,30.269190774790975
496,0.138763580149506,59.9077925539219
497,0.1758576586253464,86.75419377478504
498,0.05377657250859511,3.066046739741122
499,0.13953341942030192,60.47411208533745
500,0.13805377078914072,59.3854083142167
501,0.08567336691087321,21.33251150873656
502,0.06376620085331156,7.728163889277499
503,0.08047083476644458,17.836707151068705
504,0.05704123578940333,4.426877804773645
505,0.09016232370198017,24.432624345050012
506,0.05377454459168152,3.0652593814852684
507,0.06109323110749354,6.345234695844855
508,0.09789308029137075,29.90625352323927
509,0.06036284877956148,5.982690856559828
510,0.09576036545904093,28.38212645897389
511,0.0723808703416491,12.68054601782863
512,0.06764982478109065,9.876968531961095
513,0.06340245847659734,7.535045475225988
514,0.16312557153315915,77.65843607344165
515,0.06232831869468053,6.973635635381412
516,0.06250639558179755,7.065773295044828
517,0.05693772825572687,4.38102138720171
518,0.15440651430530794,71.3518844317473
519,0.06430523803521385,8.017055829459586
520,0.07587949949557012,14.861599502752421
521,0.08223186445837218,19.00671937852802
522,0.03982603710575922,3.060763412621323e-05
523,0.07189322070569194,12.383320220905784
524,0.05682956641846345,4.333282869220555
525,0.06454074602408127,8.144269564469976
526,0.08462018428358854,20.615618260776436
527,0.11171319161217512,39.95394298891131
528,0.1262101785750957,50.64646060700431
529,0.05772481355826513,4.733883146373189
530,0.06494626297169742,8.364707850137291
531,0.06913939529162808,10.739550763251811
532,0.05106959795976316,2.086084604301138
533,0.1238115779547236,48.874149743944145
534,0.05913436086856757,5.3889325873382
535,0.14864082450754834,67.15100059125594
536,0.05782390897822633,4.778979624096676
537,0.05344351672672172,2.9377602737918798
538,0.05916674125618785,5.404316343671069
539,0.053723967367226844,3.04564691799387
540,0.10522661208305943,35.20825433518508
541,0.10971240718379494,38.4860088710972
542,0.0568805221150802,4.355749809758732
543,0.06917597487716903,10.760978199989736
544,0.06621907797846596,9.067688761961943
545,0.09802556992625751,30.0012400998027
546,0.05953031176921687,5.5780511398059085
547,0.0781874550300153,16.342584228973685
548,0.07906436240979384,16.91316078794905
549,0.046674582331740454,0.8394263435296189
550,0.07033589953891611,11.446261248682328
551,0.09507187964933074,27.892189169125693
552,0.07559478362473107,14.681104090534713
553,0.05568634779327958,3.840213379426958
554,0.08381641402065484,20.071469181057708
555,0.08499569869272243,20.87073151133227
556,0.07232488944004217,12.646336111901642
557,0.10696479998795383,36.47585703402236
558,0.0745027760082447,13.993589803187078
559,0.1423243480275687,62.524917675149226
560,0.10692183029416083,36.444480050741014
561,0.06012078860440141,5.8640805067509865
562,0.11775324104436805,44.400735105369336
563,0.10511633525699353,35.127951890594986
564,0.06185649324812046,6.731356609051131
565,0.07331746287745124,13.256249131675801
566,0.0883931709106786,23.202770199591644
567,0.07325070764754016,13.21500990940262
568,0.08411639658513874,20.27424731120556
569,0.16311934124723418,77.653951123294
570,0.056882313599936486,4.3565404407562625
571,0.05901320667903649,5.331503756526622
572,0.08631810506958518,21.773468410623753
573,0.0432001223642905,0.2198204191176074
574,0.18324608594028655,91.96516352577864
575,0.06459602747671127,8.174217333819259
576,0.05076054758973316,1.9837413986399475
577,0.05662341934579679,4.24281009311737
578,0.06489120815412185,8.334677874417523
579,0.15541555267370413,72.08468847208388
580,0.059186811545611784,5.41385902199644
581,0.06276047884769824,7.19788787817279
582,0.07412726506844923,13.758969279656458
583,0.24804008616448722,100.0
584,0.054981218722531554,3.546929853741116
585,0.057506714146646876,4.635153325731428
586,0.11341424975014584,41.204252391852066
587,0.06580036363903644,8.834614110769484
588,0.06408991488637812,7.9012721998331745
589,0.08381535202349874,20.0707519688341
590,0.04180311842051536,0.0787849276843681
591,0.11653899035574126,43.50534480285478
592,0.0860012763104784,21.55658557312234
593,0.06257685272008999,7.102332209243714
594,0.17875222461500692,88.80178514249475
595,0.0518397571350381,2.3499211760262955
596,0.06818422679922666,10.184155171861292
597,0.09934587482090439,30.949623327101346
598,0.06593315656077554,8.90834263805565
599,0.07636427161098425,15.170066876257478
600,0.19625918385038862,100.0
601,0.0951894036776381,27.975745350801294
602,0.09266882349370328,26.19093640159511
603,0.05337660047575199,2.912236184503213
604,0.07248058766091642,12.741539971589852
605,0.20056833700911078,100.0
606,0.0993676153754215,30.965266418817176
607,0.07193134091220243,12.406491115258737
608,0.12852727807152142,52.35837050627199
609,0.05139554844983583,2.196231841234694
610,0.10190803220422599,32.79869153393335
611,0.122417122862816,47.843926623103634
612,0.06111691036194763,6.357103562347802
613,0.058578153806344825,5.127002309252245
614,0.09082385918961647,24.894961364726086
615,0.07840447155384776,16.48340284455219
616,0.21705488470964282,100.0
617,0.06795733716605193,10.05341671163207
618,0.051378879077814923,2.1905444386415147
619,0.1817487593922026,90.91326646481805
620,0.12197626204633569,47.51826334606469
621,0.08083255452025997,18.075828031463676
622,0.10836869982624389,37.50204775875141
623,0.06326363382660263,7.461735222844639
624,0.0597350195406679,5.676675666532088
625,0.04925803068276058,1.516342002136214
626,0.06738729177170175,9.727018118398371
627,0.06242975031925365,7.026070404935519
628,0.09126223602970633,25.202037212973377
629,0.07940684048135414,17.137111834186623
630,0.09814625021386017,30.087789643219878
631,0.08279411046263892,19.383274716466385
632,0.06303508967747865,7.341526757575677
633,0.05593146903879002,3.944133148860747
634,0.07573469828983838,14.769739980431105
635,0.07570965038309295,14.75386318217388
636,0.07747337709858852,15.881076091731549
637,0.06286189043877174,7.250830262978963
638,0.07818453033418109,16.340688204820655
639,0.14630656791307775,65.44411937473289
640,0.07239643689978958,12.690062810993789
641,0.0839621732741164,20.169951093971964
642,0.05880158069242784,5.231688653050962
643,0.08956959416012014,24.019488587976475
644,0.07266117078141321,12.852180978171626
645,0.10048705771347574,31.771856919011615
646,0.16668016107194789,80.21198189588866
647,0.05677237801585493,4.3081167185290905
648,0.04815415890935719,1.206558678010689
649,0.06301927667515575,7.333231779321715
650,0.07344613438360112,13.335825999309131
651,0.1394101532719229,60.383450875213555
652,0.11471284983418155,42.15994414404321
653,0.29997871829321293,100.0
654,0.16462050346118923,78.73365444951024
655,0.05837127262836116,5.030711641256413
656,0.05971548448357258,5.667239273131535
657,0.08790958994433877,22.86835560910675
658,0.07562382413543188,14.699491204261728
659,0.17398815886079771,85.42762789002197
660,0.1957502746809952,100.0
661,0.17436704287186458,85.69673514617234
662,0.08743263005567513,22.53929321471609
663,0.23745340807660326,100.0
664,0.06250753528617889,7.06636419834486
665,0.09040358301144447,24.601087107161263
666,0.11149672292025067,39.79497630472873
667,0.23107003526802478,100.0
668,0.08640726341114864,21.834567717192503
669,0.1042576841915049,34.50320808709298
670,0.06062011081814191,6.109598519756834
671,0.12193070089844449,47.48460892147351
672,0.06311927754432642,7.3857375504446665
673,0.054905124514973626,3.515790964379755
674,0.06498611759870453,8.386466696148704
675,0.2188167857133699,100.0
676,0.1482665667960691,66.87755745069421
677,0.07317493872708768,13.168240180848075
678,0.10280055674645076,33.44523935144407
679,0.096044625883065,28.58471779099968
680,0.06588537156646436,8.881791309302715
681,0.11887548666721748,45.22874632602927
682,0.1028641642252504,33.491361159054875
683,0.21109350063596594,100.0
684,0.16323976653336073,77.74063513720164
685,0.055860991659523664,3.914151721118117
686,0.060232749099308494,5.918844728693406
687,0.1641776012930313,78.41529376086294
688,0.059163912206297985,5.402971689709246
689,0.11365988518489009,41.38495118486874
690,0.07342098889198041,13.32026571351227
691,0.05690362312510849,4.365948790774521
692,0.10052461446084507,31.79895456907164
693,0.10067506160745436,31.90752740582965
694,0.05991970887384164,5.7661461256235835
695,0.08800556694414996,22.93466516373685
696,0.079762294634618,17.37019128915839
697,0.09598502770457935,28.542227778211878
698,0.07221344093916297,12.578298469880101
699,0.25673330535618594,100.0
700,0.06739796932696304,9.73310430128758
701,0.15828413109862974,74.16384127354587
702,0.14761157766686245,66.39879401047118
703,0.19123213666467223,97.53908522788768
704,0.08319249967910312,19.650930525613415
705,0.24285299145642103,100.0
706,0.0740717929364693,13.724389984919222
707,0.09573090592688156,28.361140899188403
708,0.1393384772023492,60.33073063262773
709,0.21687651892109852,100.0
710,0.11861438042548045,45.03606206572802
711,0.13332128141280503,55.89771225620793
712,0.09137110576384519,25.278383452675484
713,0.06713006675544458,9.580723299686223
714,0.18122293772759526,90.54336311924844
715,0.15899208771224163,74.67600701210137
716,0.05632117901285658,4.1113930931534
717,0.0724293955059013,12.710218274370309
718,0.0627896342786605,7.2130962835297145
719,0.07705418379390512,15.61150006663861
720,0.0705661232140116,11.58359029668204
721,0.13071226526586752,53.97208675684959
722,0.06736497688944139,9.714302121077804
723,0.0722411972909409,12.595234761347728
724,0.16308821647470387,77.63154508444552
725,0.20525194075896708,100.0
726,0.12265477392894035,48.01948940805317
727,0.13390569356592316,56.32880583371861
728,0.07530463495032852,14.497686107218488
729,0.10840795996999127,37.530773326764184
730,0.22240801750661876,100.0
731,0.06716149120552907,9.59856234836075
732,0.18299806430623258,91.79107157242754
733,0.0688063560501234,10.544994261134677
734,0.18168716764278614,90.86995163355077
735,0.06295747149495148,7.300838604305346
736,0.07033371444076807,11.444959876034549
737,0.16383108034485463,78.16609866401838
738,0.2217132063327571,100.0
739,0.2223639006825336,100.0
740,0.25932242453053195,100.0
741,0.08149100262889555,18.512721456168315
742,0.07083799789812263,11.746309328311348
743,0.18509452900846204,93.2607750021738
744,0.11886183653601545,45.21867265888892
745,0.2263984416620112,100.0
746,0.1617538576036102,76.67022523625147
747,0.19101437573532418,97.38791938011819
748,0.06500448304570303,8.39649902572889
749,0.131620769446038,54.64280380086094
750,0.18061498021103578,90.1153533349227
751,0.20530619505022463,100.0
752,0.19010503524529446,96.7561695971886
753,0.06506089024962151,8.427334198814764
754,0.06402631957531627,7.867172807808192
755,0.08673828776905246,22.061668091745243
756,0.21055389986905454,100.0
757,0.1659029795988497,79.65457831878012
758,0.08844850848144613,23.24108769752794
759,0.2154633218082797,100.0
760,0.20617108179724877,100.0
761,0.15290277940452818,70.25845630544107
762,0.1558953793674956,72.4328966534491
763,0.09355409770331326,26.81601177964841
764,0.20297950537436876,100.0
765,0.18279359316603813,91.64750460554684
766,0.06366590078147036,7.6747640144320295
767,0.1147932579315182,42.2191501845734
768,0.17217001741130714,84.13446354655146
769,0.21745283762087722,100.0
770,0.24185798219025564,100.0
771,0.2768041345878047,100.0
772,0.19745696800583287,100.0
773,0.14319564507071297,63.16436606516588
774,0.17831972990725659,88.49633617787481
775,0.05978157801836766,5.699186670196774
776,0.09257920867770783,26.127773906946707
777,0.19313790988145585,98.86005471886497
778,0.07392099493814523,13.630492957756738
779,0.21820824355404467,100.0
780,0.10282685665073368,33.4643087214159
781,0.240876832573567,100.0
782,0.24573555476990422,100.0
783,0.1954952472816744,100.0
784,0.06908280063107272,10.706421574051497
785,0.05774031890051603,4.74092957594735
786,0.18649786635067128,94.24221170421082
787,0.1730671920052263,84.77295694169474
788,0.16767585588256534,80.92535148759144
789,0.21244378141418388,100.0
790,0.06373733705643667,7.712785248023099
791,0.23461487253677374,100.0
792,0.1535451277572714,70.7257305971162
793,0.1498427633227099,68.02856823318051
794,0.13759845059644155,59.050206139566356
795,0.12212858414362078,47.63078049589118
796,0.17898378099623052,88.96524984513832
797,0.1866710154313128,94.36317346455108
798,0.20887711501660142,100.0
799,0.15312713670150738,70.4216972709624
800,0.23379108955582834,100.0
801,0.18969646025200562,96.47205556755762
802,0.1019830965250204,32.85302278228181
803,0.08218650683789781,18.976403414423835
804,0.1893725822236993,96.24672221363252
805,0.13315847341346992,55.7775991581229
806,0.1928595370021257,98.66732562341517
807,0.21822905276228263,100.0
808,0.2536818015185044,100.0
809,0.16872156013675976,81.67363009791221
810,0.08759760411140774,22.653023405244358
811,0.13348144453792457,56.01586685566455
812,0.20031098388690594,100.0
813,0.11992344544850657,46.002284013087554
814,0.1462273448569263,65.38613132216587
815,0.20869983593918134,100.0
816,0.059957999972102126,5.7847535852366265
817,0.1268800248047603,51.14139377533923
818,0.07673264373998734,15.405415427081554
819,0.19893193599000644,100.0
820,0.12350685130999542,48.649003197077924
821,0.18462330942022356,92.93079843649551
822,0.1797443723316962,89.5018279268301
823,0.27602862707151743,100.0
824,0.18828083631024603,95.48640352770167
825,0.2160577476116489,100.0
826,0.18186497790460252,90.99498815922169
827,0.20053981155361084,100.0
828,0.16167288598918236,76.61184385585169
829,0.20037085335569013,100.0
830,0.26272720314253173,100.0
831,0.23897879993999993,100.0
832,0.19094190001128675,97.33759769468301
833,0.10610274608576697,35.84676012141143
834,0.12731932748338465,51.46596985872706
835,0.17364700710311415,85.18520901629529
836,0.19531618297679754,100.0
837,0.18382748392722686,92.37302973417953
838,0.1312920318143984,54.40012853935992
839,0.2149868732293873,100.0
840,0.23008146734283744,100.0
841,0.1776392103323135,88.01536724465446
842,0.20127073948496094,100.0
843,0.18541079940284022,93.48212709994586
844,0.08030454111574065,17.726991280027097
845,0.21818331458753595,100.0
846,0.19262136482798234,98.50236863982022
847,0.17737804729737952,87.83067155764273
848,0.11394223099314922,41.59269944877566
849,0.15813944964794138,74.05912500186503
850,0.19552281098348623,100.0
851,0.18821332548312988,95.43934927458642
852,0.25497319588730577,100.0
853,0.20185219975438548,100.0
854,0.249043182821928,100.0
855,0.1871479387252481,94.6962017097216
856,0.1647902639063147,78.855635836858
857,0.1724847434121321,84.35852732871147
858,0.18633882899356236,94.13108286748995
859,0.20455529446819884,100.0
860,0.18431495035351164,92.71475138656024
861,0.18531955649118154,93.41827765872708
862,0.21999823001998503,100.0
863,0.18457666292956915,92.89812214033954
864,0.15120560187486998,69.02247321363079
865,0.2060904082063157,100.0
866,0.09722197104343062,29.425641779817713
867,0.26745765168773195,100.0
868,0.18613582224491415,93.9891945391268
869,0.23453461556357005,100.0
870,0.32740663628187183,100.0
871,0.1919516969867953,98.03826097324773
872,0.11582437117853923,42.97866651088042
873,0.20885747803915145,100.0
874,0.25076370608272264,100.0
875,0.14272817656692305,62.821338023322355
876,0.22075919097653457,100.0
877,0.19116755164696347,97.49425627707461
878,0.21289083426427777,100.0
879,0.15403773435195417,71.08387803984766
880,0.19911963839314434,100.0
881,0.1632776582212913,77.76790770282375
882,0.17551380641985614,86.5104417340795
883,0.19956336024230192,100.0
884,0.20018243102684236,100.0
885,0.044733505640677074,0.44860128439234037
886,0.044733505640677074,0.44860128439234037
887,0.044733505640677074,0.44860128439234037
888,0.044733505640677074,0.44860128439234037
889,0.044733505640677074,0.44860128439234037
