index,pred,opt_pred
0,0.049889237,1.706471497365292
1,0.049889237,1.706471497365292
2,0.049889237,1.706471497365292
3,0.049889237,1.706471497365292
4,0.045705557,0.630841094219179
5,0.046385974,0.7745787427890569
6,0.047774076,1.1068472038799917
7,0.04866591,1.3464986893139383
8,0.049889237,1.706471497365292
9,0.048300713,1.2459739723420074
10,0.04866591,1.3464986893139383
11,0.045705557,0.630841094219179
12,0.049889237,1.706471497365292
13,0.04866591,1.3464986893139383
14,0.046385974,0.7745787427890569
15,0.048300713,1.2459739723420074
16,0.039552808,0.001112199591259861
17,0.047774076,1.1068472038799917
18,0.04866591,1.3464986893139383
19,0.049889237,1.706471497365292
20,0.048300713,1.2459739723420074
21,0.040088594,0.0018228949730385014
22,0.04866591,1.3464986893139383
23,0.039552808,0.001112199591259861
24,0.052500874,2.586112410825607
25,0.038661987,0.026122388818691313
26,0.046385974,0.7745787427890569
27,0.048300713,1.2459739723420074
28,0.049889237,1.706471497365292
29,0.04829496,1.2444169719699052
30,0.04866591,1.3464986893139383
31,0.049889237,1.706471497365292
32,0.049889237,1.706471497365292
33,0.049889237,1.706471497365292
34,0.039552808,0.001112199591259861
35,0.049889237,1.706471497365292
36,0.049889237,1.706471497365292
37,0.048300713,1.2459739723420074
38,0.040088594,0.0018228949730385014
39,0.045705557,0.630841094219179
40,0.049889237,1.706471497365292
41,0.03101775,1.8769602337851652
42,0.048300713,1.2459739723420074
43,0.049889237,1.706471497365292
44,0.04866591,1.3464986893139383
45,0.047774076,1.1068472038799917
46,0.049889237,1.706471497365292
47,0.046385974,0.7745787427890569
48,0.048300713,1.2459739723420074
49,0.042805284,0.17320136285579923
50,0.049889237,1.706471497365292
51,0.049889237,1.706471497365292
52,0.045705557,0.630841094219179
53,0.04866591,1.3464986893139383
54,0.039641798,0.0004269356782854906
55,0.05260721,2.624916582893268
56,0.045705557,0.630841094219179
57,0.03101775,1.8769602337851652
58,0.040088594,0.0018228949730385014
59,0.04760149,1.0627825302260194
60,0.047774076,1.1068472038799917
61,0.052596718,2.6210784613079463
62,0.047774076,1.1068472038799917
63,0.048300713,1.2459739723420074
64,0.047774076,1.1068472038799917
65,0.05121255,2.1341148213637124
66,0.04866591,1.3464986893139383
67,0.03101775,1.8769602337851652
68,0.04866591,1.3464986893139383
69,0.06153032,6.565461784422436
70,0.054074854,3.182681477660344
71,0.048300713,1.2459739723420074
72,0.040088594,0.0018228949730385014
73,0.046385974,0.7745787427890569
74,0.052500874,2.586112410825607
75,0.053887844,3.109365376985679
76,0.048893392,1.4107567951888265
77,0.0507468,1.9792362236501209
78,0.047774076,1.1068472038799917
79,0.046385974,0.7745787427890569
80,0.05064577,1.9462577060344706
81,0.053010404,2.77406242013957
82,0.049889237,1.706471497365292
83,0.03101775,1.8769602337851652
84,0.041273624,0.043280300959432916
85,0.045705557,0.630841094219179
86,0.049889237,1.706471497365292
87,0.042319477,0.12307459393259688
88,0.030905515,1.9304235705639703
89,0.05941242,5.521514487749688
90,0.049889237,1.706471497365292
91,0.045705557,0.630841094219179
92,0.040088594,0.0018228949730385014
93,0.046385974,0.7745787427890569
94,0.049889237,1.706471497365292
95,0.048893392,1.4107567951888265
96,0.046385974,0.7745787427890569
97,0.04120791,0.03958939278076815
98,0.046385974,0.7745787427890569
99,0.046824872,0.8740911739515655
100,0.049889237,1.706471497365292
101,0.048300713,1.2459739723420074
102,0.03101775,1.8769602337851652
103,0.049889237,1.706471497365292
104,0.05762118,4.686880474392181
105,0.048300713,1.2459739723420074
106,0.039552808,0.001112199591259861
107,0.039552808,0.001112199591259861
108,0.046883255,0.8877212933337438
109,0.04858631,1.324309034345817
110,0.049889237,1.706471497365292
111,0.045705557,0.630841094219179
112,0.045705557,0.630841094219179
113,0.04866591,1.3464986893139383
114,0.049889237,1.706471497365292
115,0.045705557,0.630841094219179
116,0.049889237,1.706471497365292
117,0.048300713,1.2459739723420074
118,0.046385974,0.7745787427890569
119,0.039552808,0.001112199591259861
120,0.04301837,0.19771480839997896
121,0.049889237,1.706471497365292
122,0.04667157,0.8387376321146189
123,0.040088594,0.0018228949730385014
124,0.047774076,1.1068472038799917
125,0.044012964,0.33185833888590915
126,0.040088594,0.0018228949730385014
127,0.047106385,0.9406522892349963
128,0.04484588,0.46823881368842063
129,0.046917915,0.8958563012063125
130,0.04037419,0.006872203288205384
131,0.053257406,2.866981038781281
132,0.05835426,5.022820343506425
133,0.03101775,1.8769602337851652
134,0.049889237,1.706471497365292
135,0.040088594,0.0018228949730385014
136,0.045705557,0.630841094219179
137,0.049889237,1.706471497365292
138,0.03101775,1.8769602337851652
139,0.04934162,1.5409887717759498
140,0.04858631,1.324309034345817
141,0.046385974,0.7745787427890569
142,0.047774076,1.1068472038799917
143,0.040088594,0.0018228949730385014
144,0.04998508,1.7361409904460867
145,0.049889237,1.706471497365292
146,0.049889237,1.706471497365292
147,0.04942003,1.5642573456064532
148,0.040088594,0.0018228949730385014
149,0.048300713,1.2459739723420074
150,0.048300713,1.2459739723420074
151,0.086584836,21.956342869075446
152,0.04866591,1.3464986893139383
153,0.040088594,0.0018228949730385014
154,0.04866591,1.3464986893139383
155,0.047774076,1.1068472038799917
156,0.03101775,1.8769602337851652
157,0.047774076,1.1068472038799917
158,0.04037419,0.006872203288205384
159,0.06749338,9.787534813346893
160,0.044559717,0.4189836225717703
161,0.049889237,1.706471497365292
162,0.047774076,1.1068472038799917
163,0.03101775,1.8769602337851652
164,0.045705557,0.630841094219179
165,0.04866591,1.3464986893139383
166,0.051736802,2.3139369617730767
167,0.051898777,2.370647532085115
168,0.04998508,1.7361409904460867
169,0.045991153,0.6895889912564628
170,0.059606224,5.614557404060363
171,0.052588373,2.61802695638383
172,0.058719844,5.193307682620517
173,0.040088594,0.0018228949730385014
174,0.035499275,0.4055302116555819
175,0.046385974,0.7745787427890569
176,0.049889237,1.706471497365292
177,0.052588373,2.61802695638383
178,0.032137036,1.391582455356961
179,0.04866591,1.3464986893139383
180,0.045705557,0.630841094219179
181,0.045705557,0.630841094219179
182,0.046385974,0.7745787427890569
183,0.053010404,2.77406242013957
184,0.049889237,1.706471497365292
185,0.046385974,0.7745787427890569
186,0.03101775,1.8769602337851652
187,0.046385974,0.7745787427890569
188,0.04450336,0.4095766694253039
189,0.053307652,2.886025588820627
190,0.032530814,1.2407286632304808
191,0.045705557,0.630841094219179
192,0.04667157,0.8387376321146189
193,0.054291576,3.2684427135461234
194,0.047774076,1.1068472038799917
195,0.052311927,2.517713569767828
196,0.052500874,2.586112410825607
197,0.048300713,1.2459739723420074
198,0.051008552,2.0657065257230443
199,0.09090412,24.9511391638995
200,0.04866591,1.3464986893139383
201,0.03101775,1.8769602337851652
202,0.03101775,1.8769602337851652
203,0.039552808,0.001112199591259861
204,0.04829496,1.2444169719699052
205,0.043976188,0.32633263907131366
206,0.04942003,1.5642573456064532
207,0.04667157,0.8387376321146189
208,0.04721862,0.967775822497658
209,0.041601658,0.06407670959607473
210,0.04928714,1.5249066438761707
211,0.048553675,1.315256822994169
212,0.05130437,2.1651941987179133
213,0.04934162,1.5409887717759498
214,0.068481356,10.356065060852876
215,0.09888688,30.6195570354828
216,0.058640033,5.155923819655312
217,0.04866591,1.3464986893139383
218,0.09746939,29.602725036613254
219,0.05562204,3.8131166155007334
220,0.05125636,2.1489211308762566
221,0.039781302,6.707484847806798e-07
222,0.07065153,11.634644364807547
223,0.0434404,0.25071529837154694
224,0.049889237,1.706471497365292
225,0.050747067,1.9793240726651697
226,0.048893392,1.4107567951888265
227,0.051431805,2.2086222454186113
228,0.03101775,1.8769602337851652
229,0.039552808,0.001112199591259861
230,0.052084893,2.436470978712713
231,0.04454875,0.4171453671812974
232,0.0632914,7.476380704055536
233,0.03396985,0.7719170663963195
234,0.04037419,0.006872203288205384
235,0.040088594,0.0018228949730385014
236,0.048300713,1.2459739723420074
237,0.048661202,1.345181796140739
238,0.051277548,2.156097103542319
239,0.047774076,1.1068472038799917
240,0.05370769,3.039344717785911
241,0.043554157,0.2659986398229553
242,0.04766184,1.0781042696693024
243,0.09901446,30.711264514181817
244,0.040003538,0.0009411232888230185
245,0.051953256,2.389842089836363
246,0.05291933,2.7400965432934385
247,0.050385714,1.8623972689772703
248,0.05518964,3.6327326651040313
249,0.07338107,13.295570254499188
250,0.0699071,11.191626094196502
251,0.03101775,1.8769602337851652
252,0.039552808,0.001112199591259861
253,0.050557166,1.9175191483004834
254,0.049785227,1.6745104702297215
255,0.04858631,1.324309034345817
256,0.04871863,1.3612796271665881
257,0.04934284,1.5413502734443876
258,0.052500874,2.586112410825607
259,0.04899761,1.4406117150774567
260,0.046385974,0.7745787427890569
261,0.052892804,2.73023478773731
262,0.08638099,21.816558670228773
263,0.049889237,1.706471497365292
264,0.049989223,1.7374280380878966
265,0.05968982,5.654849891804018
266,0.053818315,3.0822706542261296
267,0.046385974,0.7745787427890569
268,0.039641798,0.0004269356782854906
269,0.039838403,5.310287550188179e-05
270,0.059257746,5.447630804190979
271,0.061909407,6.758392924420639
272,0.049889237,1.706471497365292
273,0.05896312,5.307822507248424
274,0.08634943,21.79493017762423
275,0.035713464,0.3643370258519308
276,0.045705557,0.630841094219179
277,0.053123683,2.8165313638012663
278,0.052013457,2.41112297204926
279,0.042039394,0.09788426205520669
280,0.07729551,15.766570458754034
281,0.045705557,0.630841094219179
282,0.060694635,6.14652307818759
283,0.051765084,2.3238003371274583
284,0.048300713,1.2459739723420074
285,0.0876717,22.704132269153323
286,0.059813797,5.714782030278723
287,0.061719447,6.661493252953372
288,0.04919201,1.4969917206210175
289,0.053920597,3.1221596381454555
290,0.040679425,0.015779282896392872
291,0.05162978,2.276763415418866
292,0.04956904,1.6088718850954788
293,0.055627048,3.815223826947537
294,0.057543427,4.651721887219227
295,0.045194298,0.5315255802801623
296,0.046581984,0.8183726122886961
297,0.050402313,1.8677057677185174
298,0.046296388,0.7549144635068781
299,0.05030647,1.8371397597174826
300,0.05020246,1.8042005929308293
301,0.05388987,3.110156442399594
302,0.046581984,0.8183726122886961
303,0.040679425,0.015779282896392872
304,0.044450134,0.4007813322306592
305,0.05020246,1.8042005929308293
306,0.09275985,26.25511376901168
307,0.052182317,2.4712065026699617
308,0.073599786,13.431002102997278
309,0.0512155,2.135110705733883
310,0.05469367,3.429791787465083
311,0.061634272,6.618189385568516
312,0.052436233,2.5626324262430873
313,0.05354029,2.9748215984223347
314,0.05149743,2.2311189921078975
315,0.04780945,1.1159733238453213
316,0.050316542,1.840342648798117
317,0.049083143,1.4653073841517321
318,0.061760813,6.68255629592603
319,0.076530874,15.276406668394918
320,0.068006456,10.081680484117792
321,0.08508816,20.933634674691834
322,0.037781954,0.08449028405663749
323,0.046296388,0.7549144635068781
324,0.05030647,1.8371397597174826
325,0.09878415,30.545737169766568
326,0.050898522,2.0291782202019473
327,0.04014364,0.0025463994672298433
328,0.05338964,2.9172027586392844
329,0.052120566,2.449167767351875
330,0.048830003,1.3927253096665881
331,0.063846946,7.771234115034353
332,0.0711849,11.95478019729434
333,0.061278313,6.4381939682038825
334,0.048036933,1.1754171072061366
335,0.05600846,3.9769785958933164
336,0.055396527,3.718642877860305
337,0.060710937,6.154609817478837
338,0.042431235,0.13388878296994663
339,0.08975494,24.148559739744705
340,0.049678564,1.6419912203786151
341,0.0492239,1.5063254220479187
342,0.039054215,0.01099520653875164
343,0.05219969,2.477421392160206
344,0.044383734,0.38993131573308093
345,0.06547406,8.654205468170762
346,0.048036933,1.1754171072061366
347,0.051751077,2.318913362674045
348,0.04296702,0.19166843530420932
349,0.12188709,47.452393753608334
350,0.033896178,0.7928933618322954
351,0.06038478,5.993475701836986
352,0.061873287,6.739933592518992
353,0.06327343,7.466901090802208
354,0.033896178,0.7928933618322954
355,0.08564061,21.31014912343658
356,0.052637607,2.636050630708226
357,0.044383734,0.38993131573308093
358,0.054260015,3.2559007128436894
359,0.0641149,7.914680372587153
360,0.055387497,3.7148778750672533
361,0.050530404,1.9088724299666817
362,0.052788734,2.691673078969759
363,0.033896178,0.7928933618322954
364,0.04935178,1.5439964710099447
365,0.04091817,0.025232874339457763
366,0.07898727,16.862834338157914
367,0.08541942,21.159256217977482
368,0.05924079,5.439550924345395
369,0.05649683,4.1875884882419765
370,0.06231323,6.96584549792013
371,0.05139613,2.1964308821926166
372,0.06524578,8.528636196641322
373,0.08145088,18.48604031379915
374,0.099068075,30.74981150183901
375,0.052414834,2.5548781450874465
376,0.09136075,25.271118375367408
377,0.08555627,21.252591816434503
378,0.06880629,10.54495613602213
379,0.115707636,42.89265373054524
380,0.08199376,18.84767901593754
381,0.071169674,11.945608727438728
382,0.049577266,1.6113496006224377
383,0.05128613,2.1590065233632894
384,0.04964018,1.6303522097483436
385,0.055379152,3.711399897925883
386,0.032883853,1.1139261466513035
387,0.08476508,20.713987586680382
388,0.07715404,15.675624052500206
389,0.054499835,3.3516516538444647
390,0.1013844,32.41992987182969
391,0.08752176,22.600727312099316
392,0.089089185,23.68543717708241
393,0.1138545,41.5281408717613
394,0.054620236,3.4001105605823065
395,0.05106449,2.0843768536812233
396,0.04382193,0.30362106641095155
397,0.056782305,4.312481549394685
398,0.06579766,8.833113067103756
399,0.05621159,4.064107791386183
400,0.051683366,2.2953465027770203
401,0.042625517,0.1537120065882093
402,0.053598106,2.997047507140712
403,0.06451577,8.130749708312056
404,0.06384367,7.769484044966676
405,0.052960187,2.7553147050013775
406,0.07881236,16.748768005006916
407,0.05314514,2.8246037068550756
408,0.054449797,3.3315882897573426
409,0.058898598,5.277368583756715
410,0.08957505,24.02328800527348
411,0.041060418,0.03188902661301572
412,0.04460606,0.4267917502104735
413,0.12343961,48.59932303232984
414,0.06325957,7.459593461431948
415,0.07218796,12.56275567496763
416,0.077839345,16.117243798009156
417,0.07850513,16.548804916371502
418,0.061101437,6.349346773616491
419,0.08289668,19.45211937258707
420,0.10578367,35.61412179072886
421,0.043103486,0.20793060898403648
422,0.056876212,4.35384800412204
423,0.11055112,39.10096991831146
424,0.07056424,11.582465359583798
425,0.06361121,7.645693722744383
426,0.05005589,1.7581944751246394
427,0.036690325,0.20619962453622986
428,0.07237348,12.676028226812
429,0.06958601,11.001944424184034
430,0.050263375,1.8234629358068688
431,0.07798362,16.210553606133114
432,0.041074038,0.032566117282760494
433,0.045167238,0.5264813923604319
434,0.08932501,23.84932767053416
435,0.036690325,0.20619962453622986
436,0.104290605,34.52714329266903
437,0.056750357,4.2984400959635085
438,0.040635884,0.014289309875717011
439,0.072283864,12.621280086338562
440,0.10674891,36.31823071578513
441,0.06703323,9.52581042867593
442,0.066856146,9.425620564377713
443,0.05447513,3.34173986088249
444,0.09323576,26.591009907128807
445,0.0782105,16.357527344285206
446,0.05331537,2.888955419043155
447,0.07373986,13.517908003913112
448,0.05764672,4.6984493422914575
449,0.042678952,0.15939057806208132
450,0.084824115,20.754093456264123
451,0.0758338,14.8325928658128
452,0.08669573,22.032449498426022
453,0.07441357,13.937767330162684
454,0.061446965,6.523277187057376
455,0.07582006,14.82387546173137
456,0.05230391,2.5148271946133955
457,0.054416746,3.3183607088858507
458,0.07931256,17.075401360679088
459,0.06616047,9.034960033693512
460,0.13023287,53.61809931256746
461,0.084299505,20.398204002802142
462,0.0739938,13.675808405002124
463,0.14799696,66.6805224164206
464,0.20119676,100.0
465,0.0787397,16.70143246244608
466,0.07838383,16.469999836549015
467,0.07152182,12.158140812110343
468,0.06580126,8.835112771670417
469,0.07566568,14.726003290611176
470,0.06903213,10.676785051584693
471,0.05230391,2.5148271946133955
472,0.05724123,4.51595431508444
473,0.08022976,17.677696938795908
474,0.060966015,6.281591949766718
475,0.0731034,13.124117509375905
476,0.08546251,21.188639444605165
477,0.07229298,12.626848703834549
478,0.054091513,3.189243732899834
479,0.07780892,16.097578983765644
480,0.073716134,13.503180000145603
481,0.058665365,5.1677795717891
482,0.053708225,3.0395523244677896
483,0.08326778,19.701583001308478
484,0.068365335,10.288845580102729
485,0.063105196,7.378336886280219
486,0.051933914,2.383020465123752
487,0.088820845,23.499165272027852
488,0.090236545,24.48443166229544
489,0.11762753,44.308010718009946
490,0.082110435,18.92557951545122
491,0.071199685,11.96368416571739
492,0.18784544,95.18285876204187
493,0.10515168,35.153690207206424
494,0.036690325,0.20619962453622986
495,0.100996435,32.13957601924416
496,0.12735319,51.49098940981663
497,0.06417999,7.949644051362749
498,0.057182968,4.489939999393414
499,0.16001505,75.41536914981235
500,0.1507679,68.70339044403825
501,0.08930302,23.83403513950576
502,0.06328595,7.4735034166362695
503,0.07325396,13.21701802458812
504,0.0605399,6.069937917758545
505,0.08435401,20.43513034511883
506,0.047778875,1.1080831654319263
507,0.060360223,5.981400072105176
508,0.10616988,35.89572204554725
509,0.060360223,5.981400072105176
510,0.09132159,25.243654061139587
511,0.07600641,14.942217403323413
512,0.061252028,6.424965330085943
513,0.059679,5.649630181653078
514,0.11324999,41.083435040135655
515,0.05835879,5.024920965699498
516,0.061683357,6.643133456745315
517,0.05592999,3.943502526521674
518,0.13718724,58.74740785371934
519,0.06568959,8.773249018922753
520,0.07903013,16.89080719559015
521,0.07314435,13.149368003373782
522,0.058661133,5.165798320965568
523,0.06406501,7.887912720625443
524,0.05548811,3.756905450587568
525,0.07258925,12.808086741401825
526,0.075125754,14.384871716112134
527,0.10122234,32.30278877748271
528,0.15825823,74.14509561991403
529,0.06595367,8.919748856219162
530,0.06178209,6.693399533309636
531,0.06938073,10.881129738186727
532,0.048497975,1.2998662042758222
533,0.12151766,47.1795231648726
534,0.056876212,4.35384800412204
535,0.17279944,84.58248001916529
536,0.058511853,5.096075725170698
537,0.045627564,0.615201788988698
538,0.06193459,6.771272114300289
539,0.056830287,4.333600287085478
540,0.09987235,31.32867551225088
541,0.10854933,37.63421958126482
542,0.056369156,4.13215547829343
543,0.068983436,10.648322239310042
544,0.0638642,7.780447814932614
545,0.06850636,10.37056748976002
546,0.07082692,11.739666412898698
547,0.108347446,37.48649733263313
548,0.075550646,14.653168020998333
549,0.043117285,0.2096094123246297
550,0.072119296,12.520895495394523
551,0.09661257,28.990013360182775
552,0.085381955,21.133719328527764
553,0.054617524,3.399016204537448
554,0.07174781,12.295034038290588
555,0.07059279,11.599525071437784
556,0.06868881,10.476555340694615
557,0.088290334,23.131589273010974
558,0.074683994,14.107149229863307
559,0.15029779,68.36055190815118
560,0.110051334,38.73444697524965
561,0.07960799,17.268932650417486
562,0.10316843,33.71206224729766
563,0.09351152,26.78590419954035
564,0.0658333,8.852884499220893
565,0.07912177,16.950656515028474
566,0.10593012,35.72088328857962
567,0.06675106,9.366309456710347
568,0.09547266,28.177263853865814
569,0.11365953,41.38469051739879
570,0.04895577,1.4285941427402213
571,0.057775885,4.757106283520483
572,0.07973793,17.354195133514267
573,0.067240894,9.643679167997442
574,0.1445261,64.14000983104341
575,0.07583034,14.830399222591893
576,0.041980684,0.09295337601506644
577,0.06301415,7.3305429408329745
578,0.059222788,5.430978437744728
579,0.13140255,54.481717677455386
580,0.04927993,1.5227828287037373
581,0.06005776,5.8333241091315156
582,0.06901932,10.669292855868584
583,0.21934038,100.0
584,0.060304552,5.954054259437596
585,0.048157632,1.2074866587270365
586,0.09576291,28.38393805989443
587,0.05944261,5.535974081733571
588,0.063351154,7.507927306399101
589,0.077626556,15.979834047519125
590,0.043837637,0.30589894891416836
591,0.094123095,27.218809061007438
592,0.09199861,25.71907002793469
593,0.060506463,6.0534288483114285
594,0.15108225,68.93256292060148
595,0.047621846,1.0679398430744094
596,0.06882858,10.557948868727047
597,0.099819064,31.290288221772883
598,0.07874438,16.704479880318914
599,0.08115694,18.290806132073374
600,0.1969032,100.0
601,0.107634395,36.96505396040192
602,0.07959333,17.25931672094482
603,0.052110106,2.4454419857753247
604,0.07902306,16.886196257928926
605,0.21096623,100.0
606,0.08614677,21.656137456811045
607,0.069603056,11.011993167623277
608,0.12047896,46.41243992276961
609,0.046809644,0.8705508444774845
610,0.09779671,29.837182467572777
611,0.11735064,44.10379245834728
612,0.072598964,12.814040980143123
613,0.05300793,2.7731378041916415
614,0.101941794,32.82312724152687
615,0.08976033,24.15231776802294
616,0.1756486,86.60600785367104
617,0.05620253,4.060207359009603
618,0.09325251,26.602841732453253
619,0.21005118,100.0
620,0.12010735,46.138061889987505
621,0.07490525,14.246086906508083
622,0.09211978,25.804295095974133
623,0.058466703,5.0750512832775705
624,0.060417026,6.009344378052686
625,0.043175012,0.21670120493107373
626,0.05920419,5.4221268550982
627,0.057594508,4.6748092008917705
628,0.08115056,18.2865746194496
629,0.06258279,7.105416082625847
630,0.12281126,48.1350941623637
631,0.08420944,20.337218217678974
632,0.059607804,5.615317836156733
633,0.04888618,1.4087003922206716
634,0.08768237,22.711493379551843
635,0.07715148,15.673977470237938
636,0.0882763,23.12187605013423
637,0.06840214,10.310157086074238
638,0.07203853,12.471703624872857
639,0.14724436,66.13026423968277
640,0.07851705,16.556554200140663
641,0.08139917,18.451667156295695
642,0.056734174,4.29133385672765
643,0.09241757,26.013899527133947
644,0.06923807,10.797376258259186
645,0.09712207,29.354177523685493
646,0.18325722,91.97297892338493
647,0.05586621,3.916369507925132
648,0.0450477,0.504457997551536
649,0.05573529,3.8608825481867313
650,0.057718456,4.730994897135374
651,0.15955177,75.08062880098939
652,0.080503166,17.858054039174444
653,0.28520626,100.0
654,0.09360087,26.84909148913847
655,0.0633274,7.495382461305959
656,0.06616917,9.03981755830235
657,0.085466266,21.191200145860105
658,0.05505407,3.5768353684181426
659,0.1340583,56.44135759659995
660,0.18429637,92.70173012249846
661,0.16960734,82.30672757521297
662,0.07924947,17.034129917911827
663,0.23606363,100.0
664,0.05494204,3.530885413416132
665,0.088805884,23.488786848356796
666,0.10100928,32.148854131680565
667,0.2236906,100.0
668,0.09574106,28.368376349192044
669,0.09588137,28.46834624928485
670,0.05961308,5.6178576404711675
671,0.12351751,48.65688065178573
672,0.060229897,5.917447827676511
673,0.060808003,6.202831995834156
674,0.058817416,5.23913563498388
675,0.20488518,100.0
676,0.116119504,43.196153714548444
677,0.08512977,20.96194847535721
678,0.11101118,39.43853495708174
679,0.08844751,23.240397056337063
680,0.06794152,10.04431796443388
681,0.11169618,39.94145176354301
682,0.08772972,22.74417070914611
683,0.19338992,99.03446765469312
684,0.16835538,81.4117058226086
685,0.049256533,1.515902006148909
686,0.055359006,3.7030079533418006
687,0.21257737,100.0
688,0.055945843,3.9502581971082105
689,0.09697655,29.250109442777717
690,0.08326453,19.699396719964998
691,0.06460449,8.17880518830572
692,0.09761831,29.709371241805478
693,0.10386351,34.216726870418604
694,0.06004554,5.827367792937801
695,0.08262494,19.269829361958546
696,0.09289116,26.347732382291863
697,0.10058734,31.844215727584185
698,0.07668686,15.37612021329591
699,0.2720608,100.0
700,0.058619916,5.1465155439941395
701,0.1409691,61.529530399183564
702,0.136565,58.289087568724185
703,0.20417249,100.0
704,0.08656457,21.94243944175882
705,0.21634942,100.0
706,0.064704746,8.233209062351714
707,0.07567206,14.730043725081263
708,0.13903812,60.10977976410302
709,0.18616673,94.0108020363094
710,0.105214,35.19906941502259
711,0.120020956,46.07427444522567
712,0.081712574,18.660197652106678
713,0.063848615,7.772125105653951
714,0.23696935,100.0
715,0.1268087,51.08869687044382
716,0.054826617,3.48377047414588
717,0.06741524,9.742949330469013
718,0.05939886,5.51502391286096
719,0.08563301,21.304961755892865
720,0.07011494,11.314861279453451
721,0.16161177,76.5677719284313
722,0.06482664,8.299498185098825
723,0.06914067,10.740298835609664
724,0.14132953,61.794342257987644
725,0.2081421,100.0
726,0.11870402,45.10221030280983
727,0.104245275,34.49418637563105
728,0.06371772,7.702340123570538
729,0.114856064,42.26539808899144
730,0.24953863,100.0
731,0.063337386,7.500654605748605
732,0.18075019,90.21057375308297
733,0.06690833,9.45511360586819
734,0.17442286,85.7363690579966
735,0.063360274,7.512745478110582
736,0.06693277,9.468934259436775
737,0.15392867,71.00459621967214
738,0.20702726,100.0
739,0.23210499,100.0
740,0.23491201,100.0
741,0.11860123,45.02636025291452
742,0.07774088,16.053626417175526
743,0.15672925,73.03762780428296
744,0.11079571,39.28041405601369
745,0.23573247,100.0
746,0.15155283,69.27550227318235
747,0.17109829,83.3708028715833
748,0.06689978,9.450277724831462
749,0.13618124,58.00634920117199
750,0.17570278,86.64441624288978
751,0.18272519,91.59946803739567
752,0.20407984,100.0
753,0.06027046,5.937327413244241
754,0.0692409,10.799036697145311
755,0.074824005,14.19503376520915
756,0.21391237,100.0
757,0.14154693,61.95404399265025
758,0.058799833,5.230867023111381
759,0.21590486,100.0
760,0.23188591,100.0
761,0.13896057,60.052729515738925
762,0.11903849,45.34904724162393
763,0.0970453,29.2992715753783
764,0.13576984,57.7031978689717
765,0.2086238,100.0
766,0.051827908,2.3457685178642076
767,0.093863994,27.03529081581467
768,0.1407068,61.336783282163914
769,0.18123591,90.55249158069851
770,0.2649576,100.0
771,0.22950968,100.0
772,0.2276952,100.0
773,0.1671826,80.57205873565275
774,0.18329847,92.00192458062982
775,0.050237447,1.8152540688396692
776,0.075589746,14.677915185031612
777,0.18496218,93.16811998829986
778,0.068525314,10.38156466909649
779,0.21049303,100.0
780,0.12155977,47.21062614582365
781,0.1914447,97.68659471942088
782,0.22551584,100.0
783,0.15792695,73.9052924854166
784,0.06192714,6.767460895853317
785,0.067778885,9.95091712652821
786,0.18934184,96.2253306283378
787,0.15715358,73.34515250157547
788,0.22632843,100.0
789,0.23249224,100.0
790,0.056399584,4.145342886078716
791,0.2124685,100.0
792,0.13498,57.120998085381736
793,0.1287275,52.50627035034892
794,0.11580005,42.960747808375515
795,0.10978621,38.54010089952388
796,0.19460672,99.875709903741
797,0.19249067,98.41182428272522
798,0.22403324,100.0
799,0.20919016,100.0
800,0.23638082,100.0
801,0.19150099,97.72565554736256
802,0.08282274,19.40248634841931
803,0.08389312,20.12328461484944
804,0.23390818,100.0
805,0.12143552,47.11885889147436
806,0.21189535,100.0
807,0.19476894,99.9877473310534
808,0.23154351,100.0
809,0.17533028,86.38029894047669
810,0.098882884,30.616686971357826
811,0.12597805,50.47494412534591
812,0.20867196,100.0
813,0.10481876,34.91133607451458
814,0.17144844,83.62041394184963
815,0.20520785,100.0
816,0.059919566,5.766076692749728
817,0.14134845,61.808244562110325
818,0.06334734,7.505912142839133
819,0.2057567,100.0
820,0.16662508,80.17249583525577
821,0.22979334,100.0
822,0.20233959,100.0
823,0.25847262,100.0
824,0.22749153,100.0
825,0.21939912,100.0
826,0.20545912,100.0
827,0.18394414,92.45482530601294
828,0.21007386,100.0
829,0.20904201,100.0
830,0.24420637,100.0
831,0.20535854,100.0
832,0.18347657,92.12689094732322
833,0.08863729,23.371883172252886
834,0.15520054,71.92860055401188
835,0.22513437,100.0
836,0.20233253,100.0
837,0.25165677,100.0
838,0.06212583,6.869329808645365
839,0.19575948,100.0
840,0.19740322,100.0
841,0.18137619,90.65119884745847
842,0.21968913,100.0
843,0.19532093,100.0
844,0.056795955,4.318485533109685
845,0.20951769,100.0
846,0.18538764,93.46592233797742
847,0.16310307,77.64224067072091
848,0.124195755,49.15800589952236
849,0.18481207,93.06300490340469
850,0.23963585,100.0
851,0.21091446,100.0
852,0.27292484,100.0
853,0.16873121,81.68053273917656
854,0.26016235,100.0
855,0.18282098,91.66673328999339
856,0.13817725,59.47629488180411
857,0.19877928,100.0
858,0.21758145,100.0
859,0.19392496,99.40455177433095
860,0.21353036,100.0
861,0.22594798,100.0
862,0.20718187,100.0
863,0.20496365,100.0
864,0.19290149,98.69637777082644
865,0.22860962,100.0
866,0.0711692,11.945321587175854
867,0.26697433,100.0
868,0.21714398,100.0
869,0.24641064,100.0
870,0.2988283,100.0
871,0.16199186,76.84179996961647
872,0.12182841,47.40904915044073
873,0.28406322,100.0
874,0.2542145,100.0
875,0.11928651,45.53210080747244
876,0.2208381,100.0
877,0.2357552,100.0
878,0.19586548,100.0
879,0.13577303,57.705547939019475
880,0.18889183,95.91205612201276
881,0.19682819,100.0
882,0.14901453,67.42395390590974
883,0.28033113,100.0
884,0.20612568,100.0
885,0.042650193,0.15632226361838997
886,0.042650193,0.15632226361838997
887,0.042650193,0.15632226361838997
888,0.042650193,0.15632226361838997
889,0.042650193,0.15632226361838997
