index,pred,opt_pred
0,0.04962194481659958,1.6248353236317052
1,0.0492832666224155,1.5237657629733716
2,0.049140962960639495,1.4820999301944568
3,0.049869960515933585,1.7005295623102978
4,0.043565207221649756,0.26750559650899935
5,0.044741000029935425,0.4498990978400996
6,0.046614854108349486,0.8258195505409044
7,0.04788459551908179,1.135464476792673
8,0.050722136988358354,1.9711656361354604
9,0.04766878571899853,1.0798734362848288
10,0.04788459551908179,1.135464476792673
11,0.04415190111516784,0.3531176096103779
12,0.04946684657661351,1.5782191219380557
13,0.04788459551908179,1.135464476792673
14,0.04415430613641734,0.35349093282137384
15,0.047655991140788466,1.0766150183118517
16,0.0403985972610243,0.007451840825174778
17,0.0475321039192042,1.0452822033346725
18,0.04762378524153772,1.0684316914494643
19,0.049140962960639495,1.4820999301944568
20,0.04733010752481445,0.995046322568361
21,0.04044918122713044,0.00872684086162537
22,0.04762378524153772,1.0684316914494643
23,0.04065940753856837,0.015085272953099728
24,0.05075756451101619,1.9827635813905335
25,0.040985291154542386,0.02827894648995785
26,0.044741000029935425,0.4498990978400996
27,0.047655991140788466,1.0766150183118517
28,0.04946684657661351,1.5782191219380557
29,0.04702137943185438,0.9203309615826724
30,0.04821047913505581,1.2216425777817759
31,0.04954407689995957,1.6013617751799323
32,0.0492832666224155,1.5237657629733716
33,0.04954407689995957,1.6013617751799323
34,0.04065940753856837,0.015085272953099728
35,0.0492832666224155,1.5237657629733716
36,0.049869960515933585,1.7005295623102978
37,0.04706929724727038,0.9317625416224831
38,0.04044918122713044,0.00872684086162537
39,0.04415190111516784,0.3531176096103779
40,0.04946684657661351,1.5782191219380557
41,0.03034615522771544,2.210446020224459
42,0.04733010752481445,0.995046322568361
43,0.04946684657661351,1.5782191219380557
44,0.04788459551908179,1.135464476792673
45,0.046354043830805415,0.7675446616478122
46,0.04879375746061388,1.3824586485392891
47,0.04441511641396141,0.3950423743862044
48,0.04706929724727038,0.9317625416224831
49,0.03920135168297684,0.007002393926033756
50,0.05046132671081428,1.8866269740087516
51,0.049140962960639495,1.4820999301944568
52,0.04382601749919383,0.304213009990936
53,0.04821047913505581,1.2216425777817759
54,0.04106846809668916,0.032288398458526615
55,0.05038457625184951,1.86203378555981
56,0.04389109083762377,0.31371037082975856
57,0.030020271611741426,2.384254566363151
58,0.041035875120648525,0.030686414669463875
59,0.04871545010745496,1.360385830498435
60,0.046614854108349486,0.8258195505409044
61,0.052466866146382976,2.573749306579115
62,0.046614854108349486,0.8258195505409044
63,0.047655991140788466,1.0766150183118517
64,0.046614854108349486,0.8258195505409044
65,0.05020760381974171,1.805824212500217
66,0.04821047913505581,1.2216425777817759
67,0.03034615522771544,2.210446020224459
68,0.047949668857511736,1.1524591905526367
69,0.06054020159172909,6.07008626524527
70,0.05253238455415387,2.5975882085956292
71,0.04733010752481445,0.995046322568361
72,0.04044918122713044,0.00872684086162537
73,0.044741000029935425,0.4498990978400996
74,0.052067472712522024,2.4302801398015594
75,0.05242578592020483,2.5588456104705695
76,0.047810150458693114,1.116153879703016
77,0.05016576141133542,1.7926363645704513
78,0.0469407377243235,0.9012304406142384
79,0.04441511641396141,0.3950423743862044
80,0.05013885447902509,1.7841765721190204
81,0.05168618008737342,2.296323962480481
82,0.0492832666224155,1.5237657629733716
83,0.03034615522771544,2.210446020224459
84,0.04353000885115644,0.2627192063821753
85,0.043565207221649756,0.26750559650899935
86,0.049609150238389514,1.620968739086214
87,0.042835609564882915,0.17659688676154478
88,0.030235299939017923,2.2686749491812415
89,0.05881343094228224,5.237261065250933
90,0.049140962960639495,1.4820999301944568
91,0.04382601749919383,0.304213009990936
92,0.040775064843104454,0.019306332408346873
93,0.04441511641396141,0.3950423743862044
94,0.05046132671081428,1.8866269740087516
95,0.047810150458693114,1.116153879703016
96,0.044741000029935425,0.4498990978400996
97,0.041746644374274125,0.07451463000770923
98,0.04415430613641734,0.35349093282137384
99,0.045021313849537455,0.4996536172026921
100,0.049140962960639495,1.4820999301944568
101,0.048508167613213235,1.3026768830171247
102,0.03034615522771544,2.210446020224459
103,0.049609150238389514,1.620968739086214
104,0.05632126090133491,4.111428499468374
105,0.047655991140788466,1.0766150183118517
106,0.040985291154542386,0.02827894648995785
107,0.041114709411723786,0.03462930924458098
108,0.04779291419674827,1.1117029866108268
109,0.048299551848716385,1.2456595062688698
110,0.04920603629906944,1.5010938415830852
111,0.04500407758759261,0.4965264683421358
112,0.04415190111516784,0.3531176096103779
113,0.04821047913505581,1.2216425777817759
114,0.049869960515933585,1.7005295623102978
115,0.04500407758759261,0.4965264683421358
116,0.048880152683095424,1.4069828031396294
117,0.04733010752481445,0.995046322568361
118,0.04441511641396141,0.3950423743862044
119,0.041837467626967155,0.08143809373177704
120,0.04274378832045317,0.16641101340774603
121,0.04946684657661351,1.5782191219380557
122,0.04459658440849883,0.4251899495341148
123,0.041888051593073294,0.08542193935815316
124,0.046614854108349486,0.8258195505409044
125,0.04576931580668263,0.6437555150157381
126,0.04070999150467451,0.01686858948523646
127,0.043962140581001535,0.32423327941996216
128,0.04668936983259604,0.8428100532241659
129,0.04409465354724826,0.34428465573007744
130,0.04107567078667998,0.03264777767741729
131,0.052772991420230446,2.6858580476809917
132,0.05543600556138771,3.7351192847296715
133,0.03034615522771544,2.210446020224459
134,0.050722136988358354,1.9711656361354604
135,0.040775064843104454,0.019306332408346873
136,0.04382601749919383,0.304213009990936
137,0.049869960515933585,1.7005295623102978
138,0.03266689445389693,1.1909177707551932
139,0.047949760397756544,1.152483172851069
140,0.048560362126260456,1.317109530550332
141,0.04604847837551561,0.7016589853653484
142,0.046614854108349486,0.8258195505409044
143,0.041035875120648525,0.030686414669463875
144,0.0503712175620855,1.8577665597207103
145,0.05005821277149421,1.7589194069377236
146,0.049609150238389514,1.620968739086214
147,0.04852540387515808,1.307435623916326
148,0.041035875120648525,0.030686414669463875
149,0.04733010752481445,0.995046322568361
150,0.048508167613213235,1.3026768830171247
151,0.08681402871420466,22.113685931053148
152,0.047949668857511736,1.1524591905526367
153,0.04204911970424114,0.0987128123928272
154,0.0480652458553233,1.1829069955102893
155,0.04779291419674827,1.1117029866108268
156,0.030020271611741426,2.384254566363151
157,0.0469407377243235,0.9012304406142384
158,0.04121734311518594,0.040109413727888565
159,0.06874451853026446,10.50897555553332
160,0.0454004954921636,0.5706672575070015
161,0.049140962960639495,1.4820999301944568
162,0.0469407377243235,0.9012304406142384
163,0.030020271611741426,2.384254566363151
164,0.04500407758759261,0.4965264683421358
165,0.04788459551908179,1.135464476792673
166,0.05237147619743003,2.539193765135573
167,0.051274543796121654,2.1550791045332205
168,0.04996900006574226,1.7311484679127924
169,0.044333369109705256,0.3817919826922345
170,0.055053205024552035,3.5764803384727553
171,0.05169365107981176,2.298920044401304
172,0.056853182162309585,4.343690222826296
173,0.040775064843104454,0.019306332408346873
174,0.03606451391752585,0.3019607669143911
175,0.04441511641396141,0.3950423743862044
176,0.04920603629906944,1.5010938415830852
177,0.05218532987901944,2.472283842739676
178,0.032684130715841773,1.1846925955594108
179,0.04821047913505581,1.2216425777817759
180,0.04415190111516784,0.3531176096103779
181,0.04382601749919383,0.304213009990936
182,0.045451769283561025,0.5805930138956283
183,0.0531893064761303,2.841246608003538
184,0.04946684657661351,1.5782191219380557
185,0.047888143719220504,1.1363883702363562
186,0.030137882010174914,2.320605542884785
187,0.044741000029935425,0.4498990978400996
188,0.048488947451926716,1.2973789923743488
189,0.054543428338441106,3.3691673647574922
190,0.030489621494064718,2.136442876982721
191,0.04382601749919383,0.304213009990936
192,0.04492246802447284,0.4818403450156057
193,0.0551831412655169,3.6300462168349785
194,0.0475321039192042,1.0452822033346725
195,0.04999026494066815,1.7377516722829285
196,0.05252277458567744,2.59408630609619
197,0.04733010752481445,0.995046322568361
198,0.05033625931098312,1.8466184021656775
199,0.07969786634305015,17.32789607151097
200,0.04854915732923989,1.3140056025241238
201,0.030648630557682455,2.056191885351124
202,0.030801457100870847,1.9807960208224933
203,0.040985291154542386,0.02827894648995785
204,0.04863329505788135,1.3373881142360227
205,0.046124249647075684,0.7177541261933624
206,0.04852540387515808,1.307435623916326
207,0.04577464449689761,0.6448400977713471
208,0.044191696781199295,0.35931817496762597
209,0.040749787170705966,0.018340233384420642
210,0.04689999270320472,0.8916456974504751
211,0.04773558000603427,1.096952167397453
212,0.05075871138215973,1.983139489086645
213,0.04780808806925058,1.1156209137024238
214,0.07043944957318882,11.507976412469041
215,0.09242430852266288,26.018646802249172
216,0.05769682450121163,4.721172660370859
217,0.04821047913505581,1.2216425777817759
218,0.090427070081225,24.617496532984536
219,0.057275215682280674,4.531152437585134
220,0.04981279503303815,1.6829578879523293
221,0.04238914847206315,0.12976557909992217
222,0.07347475726758712,13.353543474254105
223,0.04503752820952775,0.5026034266273344
224,0.04954598928660924,1.6019365911911416
225,0.04863418818955361,1.3376372475661311
226,0.04788929316868885,1.136687736554548
227,0.05250376054377602,2.5871629065709
228,0.02989114110419663,2.4553503196428124
229,0.04106443386453812,0.03208795685126738
230,0.057981035593308416,4.850787027834073
231,0.04486049641827758,0.4708211496474984
232,0.06345819681765386,7.56454132534744
233,0.033550340141879,0.8956273715338738
234,0.04214866229760644,0.10738484604729236
235,0.04052832393712617,0.010920602301853913
236,0.04858731032320897,1.3245872143612447
237,0.0480104132951292,1.168419882870165
238,0.050985996357550294,2.05819713197727
239,0.04701988043431923,0.9199743348917265
240,0.054577140640004795,3.382735990602502
241,0.043015187325061,0.197337388846422
242,0.04687086492127171,0.8848209887288248
243,0.08861339711743621,23.355321344613195
244,0.04213608738089857,0.10627011697723486
245,0.052720340436249444,2.6664453669719284
246,0.0540800435829412,3.1847252715700525
247,0.049716254946817987,1.6534526040266915
248,0.056731175383392285,4.2900173253847145
249,0.07786794249077628,16.1357303948817
250,0.06018431791466009,5.895134644661617
251,0.03042529793771117,2.1694341560641215
252,0.040738550248564105,0.017918575084472508
253,0.04738849379401133,1.0094577693599653
254,0.049310691395305854,1.531850380846972
255,0.04858731032320897,1.3245872143612447
256,0.04891481208248444,1.4168716306415459
257,0.048997818043939,1.4406713394835708
258,0.05264547773842807,2.6389364656751564
259,0.04751651725242991,1.0413681523202925
260,0.04482014273993116,0.4637077633103302
261,0.05530934758467328,3.682352380442249
262,0.11221341148703123,40.321413389985956
263,0.04954598928660924,1.6019365911911416
264,0.05032088908763625,1.841725430242647
265,0.062134996877867506,6.8740402579755715
266,0.05210823025192897,2.444774217747832
267,0.04482014273993116,0.4637077633103302
268,0.041147610806684894,0.03634343550171301
269,0.04110422953056957,0.034091786676188264
270,0.0590526143715337,5.350160856403317
271,0.05984913664311299,5.731903653509729
272,0.050540469420810016,1.9121226804050582
273,0.06006402093358173,5.836377222344073
274,0.07919599003252621,16.99916124637041
275,0.038914982095239324,0.015614178864912025
276,0.044231043825163574,0.3654973649339247
277,0.055294082768680336,3.6760113830640013
278,0.05242851441844417,2.5598344576046403
279,0.0497941281007968,1.6772361409294736
280,0.07522369209652169,14.446612873308954
281,0.04364434993164549,0.2784137199314863
282,0.06393823962989673,7.820018487972108
283,0.05105081448371451,2.079805878706243
284,0.04818235342618987,1.2140999545747129
285,0.08195919609100494,18.824614704626722
286,0.058652623805174234,5.161815351319307
287,0.059585530207612224,5.6045977815917105
288,0.053683063489744325,3.029820210934594
289,0.0548277849994867,3.484245973990139
290,0.04215239871857065,0.10771713748261934
291,0.05170041161562988,2.3012702439307433
292,0.0477130339225885,1.091174557104686
293,0.054834368045210746,3.4869269724185163
294,0.05750719294358724,4.635369276605111
295,0.04836279720276221,1.2628319347780617
296,0.04624224984275867,0.7431386375398205
297,0.05068122879374484,1.9578074190825285
298,0.04408011502760565,0.3420577898119137
299,0.04997189249641473,1.7320460292055055
300,0.04983431910018137,1.689565269289866
301,0.05270282126468278,2.659997970222217
302,0.04461025590860249,0.42750197174147325
303,0.04242954059299371,0.13372157136053664
304,0.04540121475536034,0.5708059663771264
305,0.04983431910018137,1.689565269289866
306,0.10866477079438912,37.7187107694827
307,0.05120282565659201,2.1308340505095225
308,0.07093164111798493,11.802490843693162
309,0.051701879002063696,2.301780483521936
310,0.053343183884363404,2.8995216278000244
311,0.06763292024096373,9.867293985744192
312,0.05383500551648546,3.088766560013554
313,0.051491079648844765,2.228938238086675
314,0.05052697658496253,1.9077662462903453
315,0.04561733455906989,0.6131634634486162
316,0.04907069522230914,1.4617024072952556
317,0.04855243927238299,1.3149144414394296
318,0.0621841014840464,6.899295283930579
319,0.0821462992890497,18.949537407606925
320,0.06847152025000328,10.350361887060084
321,0.08230751713857577,19.05730446890827
322,0.0405107854723218,0.01041356576898921
323,0.04442878791406508,0.397278479253921
324,0.04997189249641473,1.7320460292055055
325,0.08521081533922255,21.017125154862878
326,0.05026167466648314,1.8229241335830235
327,0.04325454138531934,0.2266516744004075
328,0.05150962406242581,2.2353092663096317
329,0.05624955390249566,4.080466067858211
330,0.04798713314763651,1.1622919945016248
331,0.06870905209721408,10.48833236799896
332,0.07259757973570843,12.813192598311302
333,0.06280276694172622,7.219949951788985
334,0.0473470118752333,0.9992096630171369
335,0.05149154566660418,2.229098253019269
336,0.056287264889866614,4.096738916913592
337,0.059842233305607485,5.728557694841351
338,0.043189544526734264,0.21850390737052008
339,0.08399946929744755,20.195164201447525
340,0.04483681408697569,0.46664059242995004
341,0.050852513156823355,2.0139811580686966
342,0.04359781114437881,0.2719748920265243
343,0.0523966212087758,2.5482851370014097
344,0.0482292948681426,1.2266994922169085
345,0.07198654919718178,12.440068041839181
346,0.047205339546727336,0.9645488799374603
347,0.051209479615157934,2.1330789099949934
348,0.04356601210881442,0.2676155160712756
349,0.09437534694673382,27.39763172620451
350,0.03516146394223563,0.47542095968857195
351,0.05876057905577621,5.2124237069403625
352,0.06110183963585804,6.349548764097078
353,0.06500195277622457,8.395116627647447
354,0.03158081163644287,1.622097261945597
355,0.08249943248242675,19.185743549645917
356,0.055902056199907756,3.931610772925152
357,0.047203383892842676,0.9640741063865723
358,0.052607887844040524,2.625165212168251
359,0.06377935325478695,7.735174575762471
360,0.05435461371637135,3.293547095970417
361,0.05055037161110262,1.9153223446766394
362,0.0559853549476509,3.9671119309460403
363,0.03536874302763894,0.43181681464675264
364,0.05243860271971505,2.563491886884048
365,0.04464435773539359,0.43329379729295053
366,0.08632426124015266,21.77768623674533
367,0.08425977280172627,20.371295489728947
368,0.057530304019754064,4.645797180062871
369,0.06441832909492447,8.078069191492105
370,0.06428847943336755,8.008026251607882
371,0.05403239161908756,3.165978349137215
372,0.06450214535874821,8.123377766692762
373,0.07518166208441679,14.420109266899917
374,0.11171851703917834,39.957854213308444
375,0.05476945928927892,3.4605255394156336
376,0.09011993969155271,24.403047072670297
377,0.08405875285784727,20.235253275162346
378,0.07491775365769024,14.253950389555923
379,0.129174804837724,52.8366765786632
380,0.083046143478761,19.55252188623175
381,0.06373535616322741,7.711730168458481
382,0.0539050223990055,3.116073311638035
383,0.05206459857238165,2.4292593143545718
384,0.050771178631802014,1.9872276956106896
385,0.05668823179493103,4.271181859174184
386,0.0320911663472591,1.4098124225446558
387,0.07861019066996316,16.617127716792247
388,0.07975017395645138,17.36223281442616
389,0.056931426438676394,4.378234952446716
390,0.10750797724220665,36.872659167050486
391,0.08975172836931684,24.14632295487984
392,0.09310287084784595,26.497158503682076
393,0.12287502110129965,48.18220095449996
394,0.05121494514862121,2.134923529518402
395,0.0530864186145233,2.8025336056586503
396,0.049078420704884634,1.4639392511628
397,0.06193389588041115,6.770916846765022
398,0.05919796743100635,5.4191656735251605
399,0.06028692277729772,5.945403075920665
400,0.05513418299054485,3.6098291061212353
401,0.04608640262800584,0.709694662524724
402,0.054049824120244415,3.1728317269681297
403,0.07176587016792728,12.305990812965705
404,0.06923411028947281,10.795056054264544
405,0.06351934301127862,7.596939387574777
406,0.0675433817852493,9.816094710582712
407,0.05780521817104588,4.770462479005328
408,0.05712254525559537,4.463017400755619
409,0.05942698904524375,5.52849095627354
410,0.08238149338024635,19.106793464230627
411,0.05155341159349568,2.250381127414378
412,0.04692695599145639,0.8979834986381711
413,0.12137007617582729,47.07052128485318
414,0.06454783881047461,8.148110126135807
415,0.07183881776282174,12.350270923774644
416,0.08991275630677582,24.258544106865838
417,0.08012488040877887,17.608610411247007
418,0.06388057299623778,7.78919262996008
419,0.08586268514896242,21.461831225320154
420,0.11509958506594538,42.44473537038197
421,0.045908899293556245,0.6724321997849426
422,0.059240184416361474,5.439263298853731
423,0.10967746390781961,38.46040049618151
424,0.06997543668989442,11.232106327632
425,0.06361357616596687,7.6469510462892885
426,0.04988224254195982,1.7043145550295236
427,0.03851447532762385,0.03352254128747506
428,0.07838935067208765,16.473582793051467
429,0.048516500607141376,1.304976621977646
430,0.04484456585577385,0.46800713058383814
431,0.07793777930971765,16.180894598354413
432,0.05800265508211752,4.86069606183998
433,0.04884333559531966,1.396509943541213
434,0.08836104604097572,23.180530539866115
435,0.03587542492039733,0.3347723415075174
436,0.11111181034270019,39.512395615296164
437,0.07211342185223119,12.517316286491953
438,0.045565742295776084,0.6029292277909958
439,0.07143013860998282,12.102716796540651
440,0.0985250531363167,30.35964017390856
441,0.06255332752319598,7.090118876350522
442,0.0679887551569848,10.071492649404151
443,0.055732103584198577,3.859535628551157
444,0.08923467874759387,23.78652941163797
445,0.0788622081260228,16.78125906062443
446,0.05488968581528484,3.5094855293372293
447,0.07666013005905316,15.359023399550933
448,0.06593177314430178,8.907573632412863
449,0.04539151479359,0.5689366104578749
450,0.07222835063435572,12.587395319365179
451,0.07682511380958279,15.464620041305453
452,0.10544518729020502,35.367461970538564
453,0.0473568916047611,1.0016463777846916
454,0.06172050778879711,6.6620329438385335
455,0.06551676005474431,8.6777505093095
456,0.053826613769691084,3.0854998191519187
457,0.05993144291917509,5.7718461514001
458,0.08513999306213366,20.96890844978745
459,0.07032987137217178,11.442671164291797
460,0.10599596959618385,35.76889609611491
461,0.07429751763903507,13.865227331872266
462,0.07551966775608274,14.633568662305969
463,0.164789877511138,78.85535821994348
464,0.17311721780931788,84.8085375568817
465,0.07144785478440092,12.113421877873822
466,0.07988152393037083,17.448517445653547
467,0.07535245205024121,14.52787722424051
468,0.06422451577957389,7.973590550151454
469,0.0732576175723151,13.21927718962192
470,0.07296323908298173,13.037779361830678
471,0.051111462729130606,2.1001057564588117
472,0.05887062415163092,5.2641835416962826
473,0.08277442865512878,19.37006950941176
474,0.06292535552213281,7.2840235603857755
475,0.07515977455245303,14.406311721375546
476,0.09555301980624598,28.23446418598504
477,0.08271183259207611,19.32808294536842
478,0.05939522604505159,5.513285063827551
479,0.0774640812902753,15.875087173903331
480,0.07622636452388523,15.082169132858603
481,0.06130431935797013,6.451290429719909
482,0.05978226657875062,5.699519810278441
483,0.0752141836219507,14.440615961372169
484,0.06885342200386202,10.572431244192597
485,0.06466007498018998,8.208954859872762
486,0.05866834257349084,5.169173737611696
487,0.09053071012680154,24.68992492329228
488,0.11234744635264227,40.41990714989719
489,0.13627553962223554,58.075832850961476
490,0.07178328881247432,12.316560510379464
491,0.06764421658804473,9.87375864527217
492,0.1742448337974303,85.6099488243068
493,0.10509907200310319,35.11538230887681
494,0.03837280299911789,0.04152254413384909
495,0.10391140201202295,34.25152487922904
496,0.11959105190880767,45.75690039388954
497,0.09482765738428461,27.718655726000115
498,0.057432993587523996,4.601945076674123
499,0.15977213192706224,75.23987248222814
500,0.1253250967415682,49.992473141673564
501,0.08022234581977661,17.67281173026898
502,0.06460889296196122,8.181191683485803
503,0.07455918264922427,14.028913628883062
504,0.05188512110277623,2.3658454465216736
505,0.07618050743397181,15.052966739239677
506,0.053057303424929855,2.791615411998118
507,0.06302516126979807,7.336318305188717
508,0.09442046571864712,27.42963274155839
509,0.06154990936100175,6.575387037675351
510,0.08558280839450476,21.270700629917737
511,0.07471362721607461,14.125739183623693
512,0.06238887715631897,7.004926365231293
513,0.06486711834765488,8.321547999186857
514,0.12363071121900508,48.74051600631228
515,0.06414494099606863,7.9308126667374115
516,0.0631039061115002,7.377659226899824
517,0.05515111213353996,3.6168152553946755
518,0.17505517607370305,86.1851564763072
519,0.06614711500680734,9.027506732062397
520,0.07350526892523056,13.372436350044925
521,0.06477187224730531,8.269695293434054
522,0.05816854517992896,4.936960702691218
523,0.06834694784656806,10.278203208860274
524,0.057521476659901816,4.6418132427351635
525,0.06379888174663714,7.745587495824458
526,0.07615910026406907,15.039338747122475
527,0.0976245772050221,29.713859101836565
528,0.1425063039871566,62.65848831820571
529,0.06549649101889511,8.666570898996826
530,0.05970986131432097,5.664523970977695
531,0.07173068955978315,12.284650066365831
532,0.047843086505792116,1.12467992681209
533,0.13542705956944925,57.45055712468923
534,0.0605114356655493,6.055882993749361
535,0.1299501399400691,53.409309877282496
536,0.06219519551510649,6.905005093738296
537,0.05190866635094871,2.3741271976365343
538,0.06862224467363542,10.437852698927665
539,0.05882361888844003,5.242053406193636
540,0.09916423153627495,30.818957662080454
541,0.10840681397655148,37.52993481402889
542,0.05755661459942366,4.657678635684768
543,0.07052312521515035,11.557909565822701
544,0.061040982051984494,6.319070927846614
545,0.0758991237895473,14.87405880410314
546,0.0664789428202764,9.21321453614478
547,0.11634790128026087,43.36448925003258
548,0.07413056939657775,13.761029729630373
549,0.04176155286717504,0.07563083021604569
550,0.06805409033792734,10.10911103434554
551,0.11502249938288234,42.387963485590944
552,0.08555143942165735,21.249296952945706
553,0.05659771146045969,4.2315749853791935
554,0.08380264862302542,20.06217318179046
555,0.06891965134022052,10.611072056782243
556,0.0729868571092417,13.052318341429084
557,0.09646058290156802,28.881483847474993
558,0.0736723207064724,13.475989137797178
559,0.12287991180398507,48.18581410773045
560,0.11858417115465189,45.01377036658607
561,0.07516146886724522,14.407379680742727
562,0.12043304154283194,46.378535515616356
563,0.1091826546612485,38.097890757065336
564,0.06794534566975391,10.046519919713516
565,0.0809827898387561,18.17533010647446
566,0.10685211898156446,36.39358022278993
567,0.06869421156090352,10.4796977194343
568,0.0858377049694848,21.444760005539933
569,0.11010361901260271,38.77278127696783
570,0.05400134985357468,3.153788388487399
571,0.06206781320879538,6.839534226610468
572,0.10220990782179175,33.01723940918368
573,0.05901256627614374,5.331200746653494
574,0.15376584961143408,70.88622678424773
575,0.07264211309481439,12.840493431920201
576,0.04626328689018942,0.7477048530868469
577,0.05819364158078391,4.948533720176856
578,0.06034533288120467,5.974081909776774
579,0.1485364968035593,67.07478470689882
580,0.05351752496706684,2.9660876256126576
581,0.061598512910994135,6.600035709763183
582,0.05619118675740353,4.055325431816032
583,0.24791668949247858,100.0
584,0.061271295105023216,6.43466105540393
585,0.05374893802864685,3.0553239349338845
586,0.11954322215286435,45.72159323260856
587,0.06390354048585052,7.801465551799431
588,0.06767425642705628,9.89095552752852
589,0.07373825075781229,13.51691098243791
590,0.0443683202876875,0.38743198158713227
591,0.11229490597188072,40.38129708972271
592,0.09044659327886392,24.631137810360364
593,0.06109697274403657,6.347109659438618
594,0.17201848499793582,84.0265509935956
595,0.052787317246363125,2.6911494107974705
596,0.06720302639282,9.622155361937663
597,0.09396382974429,27.10598392022302
598,0.07982868451779125,17.41379636039962
599,0.08597965809517419,21.541800542388494
600,0.1592017136153331,74.82758464195825
601,0.11498682176769265,42.36168873683762
602,0.09087106105251204,24.927998997588244
603,0.05263827560026714,2.6362957753936698
604,0.0849759429390559,20.85729616867747
605,0.2043003088978646,100.0
606,0.08336866645106317,19.76950551494905
607,0.06911754613886129,10.72675752483858
608,0.141378444044315,61.830277428252984
609,0.049887883299952425,1.7060540356848761
610,0.09126835572796564,25.206327839157556
611,0.09726861264762546,29.459014861136033
612,0.06328882815780912,7.475023474832403
613,0.05468003764858625,3.424274830612216
614,0.0901324542345767,24.411779664267637
615,0.0808298235178457,18.074020273329985
616,0.15396884027595636,71.03379930175676
617,0.060029552256722296,5.819577186364709
618,0.08036293387650696,17.765501609376642
619,0.2170544424458916,100.0
620,0.12468631684790663,49.52047694355607
621,0.07015397285452007,11.338044214572927
622,0.09470476416625187,27.631385606675934
623,0.05795805627605106,4.840262367316471
624,0.06600465350468904,8.948112033801701
625,0.04727410988739583,0.9813081511207534
626,0.060333213186158585,5.968127535275072
627,0.06733158302923871,9.695281529130694
628,0.07755921391803475,15.93640058298165
629,0.06692608610366911,9.465155011617314
630,0.10062588862602005,31.872036750232812
631,0.06965439660662671,11.042272050139134
632,0.06307910498695263,7.36463095225738
633,0.053914000250479904,3.1195812174680584
634,0.08531844325312848,21.090436834687132
635,0.07642368670856825,15.207971582374183
636,0.08067957603846196,17.974621229141707
637,0.06959378500321982,11.006528009558783
638,0.05925062250567334,5.444236251568633
639,0.13281397181224802,55.52341613446219
640,0.08784799178217681,22.825814429989972
641,0.07824535853905946,16.3801316518711
642,0.058863363129897546,5.260762986869702
643,0.09616929531222014,28.67362467745543
644,0.06642716699925655,9.18416695062956
645,0.08657321754623215,21.948371549358903
646,0.19842991024393614,100.0
647,0.05574227220216254,3.8638344976135137
648,0.05577178826081931,3.876322441049374
649,0.05972266538175361,5.670707395023981
650,0.06789473352772682,10.017425237321426
651,0.19826381437569457,100.0
652,0.08358862711013527,19.917742827495445
653,0.295203836597463,100.0
654,0.08224956319155818,19.0185513109423
655,0.06419683901222747,7.958704204765804
656,0.0705324235250964,11.5634617659804
657,0.08002744828772942,17.54447854463125
658,0.07051382452039556,11.552356634242019
659,0.1463472838943187,65.47392037658386
660,0.18554256544181227,93.57431944759972
661,0.16633793365626717,79.96659574306119
662,0.07456315870120028,14.031404362945299
663,0.2431542971363212,100.0
664,0.0631971032244177,7.426679881685502
665,0.09429133516786473,27.338058334910126
666,0.10003701709478882,31.447331044463112
667,0.2332351007323072,100.0
668,0.08272787033290985,19.338838684487698
669,0.09927747536767573,30.90041302400037
670,0.062329337156759396,6.9741615148882135
671,0.1412669365426294,61.748360863718894
672,0.0679409156841684,10.043972387079156
673,0.06512229728028608,8.460940384722612
674,0.06320157259587207,7.429033229120315
675,0.195113195320077,100.0
676,0.1517601409613187,69.42653761704055
677,0.07579833180607873,14.81009206071839
678,0.1284857385491361,52.327684827521026
679,0.04230116509759434,0.12134397646478648
680,0.06762188589768688,9.860980401525282
681,0.11325256101048706,41.085327866952085
682,0.08935111437473811,23.86747949877985
683,0.1925675804562263,98.46511010510199
684,0.1812828508495454,90.58552381740843
685,0.05734720042936711,4.563403439019868
686,0.06196915400625485,6.788961437188222
687,0.21114621504778308,100.0
688,0.058550221673275414,5.113965323774651
689,0.1083610286420676,37.496435136101866
690,0.07551947731912888,14.633448193409102
691,0.06242855275900343,7.0254506133966155
692,0.10520298423645187,35.191047537439914
693,0.08093705349463058,18.145027052745252
694,0.06113692956348797,6.3671434479379885
695,0.08153299514943929,18.540653824865295
696,0.06304793574237394,7.348267507244531
697,0.10748433074566086,36.855378540294446
698,0.06895573104777823,10.632138373959046
699,0.20928693234121243,100.0
700,0.05854767615865986,5.112777796842271
701,0.12958842859949501,53.14217534105126
702,0.15893192941892842,74.63250105561484
703,0.24860934937706783,100.0
704,0.08660843159693025,21.972532595565152
705,0.2079064343571442,100.0
706,0.06908661825399073,10.708655456550572
707,0.08607002944907768,21.603618470564182
708,0.11669083431672837,43.61728294922285
709,0.20366553024355416,100.0
710,0.1134697969523545,41.24511186922371
711,0.15975288990705155,75.22596886411101
712,0.08414955087020974,20.296681240690596
713,0.06890174772787433,10.600622630539334
714,0.22689629099117672,100.0
715,0.12851292525400643,52.34776795373835
716,0.0593187550719736,5.476733578153908
717,0.06709833395124487,9.562718675372096
718,0.0671421172515332,9.587563029273415
719,0.06345182253219309,7.561166370727242
720,0.0694925222325714,10.946879769976762
721,0.16974824726915225,82.40737447678343
722,0.06656033012720391,9.258927788541778
723,0.06959388755651819,11.006588461598813
724,0.0982556669514997,30.166285332980223
725,0.2509968969764606,100.0
726,0.10226519696465278,33.05728167743599
727,0.11544023033942215,42.695648396235484
728,0.05540193915446456,3.7209000593658033
729,0.08285186318166962,19.422032811353823
730,0.18555960819694037,93.58624248044524
731,0.05646404106315147,4.173327674723375
732,0.1742092989993496,85.58471137132865
733,0.06481856167489908,8.295101373611834
734,0.13418843999470795,56.53733869786398
735,0.0648856908885118,8.331670210709497
736,0.06787733901099785,10.007431280713142
737,0.1605001472887215,75.76569654379338
738,0.22820048805495388,100.0
739,0.22127325230640035,100.0
740,0.26044582988316173,100.0
741,0.11013276545203377,38.79415179397262
742,0.07156193450407573,12.182412537555361
743,0.1637065406716806,78.07651359350614
744,0.10570840578740008,35.55926280659757
745,0.2750628345267639,100.0
746,0.10509270287813519,35.11074496476342
747,0.18684903911438763,94.48751041021126
748,0.06587311588003072,8.874985234705155
749,0.1278696217745969,51.87253002763301
750,0.1855621335988202,93.58800921616438
751,0.1947078574888284,99.94556527362869
752,0.19907863789307753,100.0
753,0.06331057097746622,7.486497122454418
754,0.07243200601107436,12.711815038279184
755,0.0729157797342666,13.00857594039552
756,0.22340754475044963,100.0
757,0.15856220236804155,74.36505600252936
758,0.06642540793596664,9.183180530507661
759,0.1970123547644139,100.0
760,0.27587277338070554,100.0
761,0.11434121168431816,41.88634440833547
762,0.17265778368938076,84.48168252089101
763,0.09812095199672981,30.069643936111135
764,0.15761791613225018,73.68152093664602
765,0.21725422736993638,100.0
766,0.057203284553232064,4.49900539394643
767,0.11217656197726265,40.294337155034135
768,0.139419500483142,60.390325906586995
769,0.19101958256540558,97.39153441285795
770,0.29580270256877134,100.0
771,0.22398741853369772,100.0
772,0.24080710269492217,100.0
773,0.15519323577284544,71.92329670912157
774,0.19956716131914462,100.0
775,0.057064530767006565,4.437221174974668
776,0.07457473182042793,14.038654749703921
777,0.17784692381181982,88.16221797321575
778,0.06747536670391152,9.777252394173484
779,0.2033826927564397,100.0
780,0.11463146287168406,42.10002080652741
781,0.27186543844240324,100.0
782,0.21023016844215464,100.0
783,0.17853855428683388,88.65090248678953
784,0.06407652967735421,7.894091445020283
785,0.059138862827030694,5.391070563375131
786,0.18479849591965328,93.05349955173197
787,0.16162198944228767,76.57514420502694
788,0.18479995934544113,93.05452441522225
789,0.24073357769420017,100.0
790,0.053852668672295365,3.0956467195190482
791,0.2498678223528668,100.0
792,0.15606946099502134,72.55918491550806
793,0.13818680510982526,59.48333092167416
794,0.12615496371165497,50.6056628262242
795,0.09567380987630154,28.320473866677947
796,0.20051251610686652,100.0
797,0.1784208974866799,88.56780131044981
798,0.21520441412035876,100.0
799,0.1793734034979728,89.24018643375541
800,0.23453549291057638,100.0
801,0.1688638869456007,81.77540203727271
802,0.07519299692560374,14.427255768709085
803,0.0851946100607287,21.006090676311818
804,0.1909502208555086,97.3433753236615
805,0.1315801437525333,54.61281507435199
806,0.21446735727646174,100.0
807,0.20482529394986482,100.0
808,0.2600426271808059,100.0
809,0.1514576943684201,69.2061859998568
810,0.07239310562100125,12.688026046649403
811,0.10902250765596101,37.980609515138305
812,0.18732338951424943,94.81866093914853
813,0.14557041821348296,64.90514641248201
814,0.1795617104658047,89.3730140310873
815,0.199351333717835,100.0
816,0.0633979792050542,7.532676645543479
817,0.10536122681604465,35.30629934984516
818,0.07161688846792333,12.215681793773323
819,0.2281541809384212,100.0
820,0.16538319251953673,79.28149513157152
821,0.23754156956133665,100.0
822,0.19460441979415716,99.87412005086786
823,0.24658341634100606,100.0
824,0.17757283084227696,87.96842936337573
825,0.23454585674612097,100.0
826,0.18785446223617297,95.18915152628236
827,0.16573188716426526,79.53179996010563
828,0.20521801427405656,100.0
829,0.19645348617540984,100.0
830,0.21216349182118455,100.0
831,0.21825367534387763,100.0
832,0.19818444824583203,100.0
833,0.08069502878527564,17.984839226486294
834,0.15067259202335204,68.63390094454108
835,0.22119364199801872,100.0
836,0.1953101153498827,100.0
837,0.1849941579520903,93.19050696474484
838,0.10185908453181115,32.76326801279664
839,0.2247897176549147,100.0
840,0.15908651320212455,74.74428903141381
841,0.21796061755293683,100.0
842,0.23611769994675277,100.0
843,0.22658491443874224,100.0
844,0.0515196900426024,2.238770487013314
845,0.18094750683715322,90.34949951939316
846,0.19236419423410217,98.32419082419098
847,0.1656694784797419,79.48700843739209
848,0.11385200639860912,41.526307733287425
849,0.20187678596754183,100.0
850,0.2165544465636114,100.0
851,0.22487258143570774,100.0
852,0.26775802739782717,100.0
853,0.16092450524964172,76.07200379991687
854,0.27554205649970964,100.0
855,0.17205566302100894,84.05302891712365
856,0.13876096407723745,59.90586764536968
857,0.16648345903536155,80.07095350885184
858,0.18483748899651276,93.08080640485916
859,0.25079465365637926,100.0
860,0.18389513657679066,92.4204688964459
861,0.23705932790101908,100.0
862,0.20651879987774838,100.0
863,0.1902703880968799,96.87110598567216
864,0.17191950099901576,83.95604926678445
865,0.22990956529477055,100.0
866,0.07708304940170851,15.630030483885932
867,0.28136631123329625,100.0
868,0.22761052412919355,100.0
869,0.2314378504631269,100.0
870,0.35505115030725304,100.0
871,0.20675109736112837,100.0
872,0.15571159045422056,72.29954187154688
873,0.20931123172559313,100.0
874,0.22885885391342428,100.0
875,0.11419082210871959,41.7756490481134
876,0.18777395795278126,95.13300716040415
877,0.19522598860334217,100.0
878,0.1571435110630533,73.33785918949937
879,0.11680592307869209,43.702131785879416
880,0.2101833085721284,100.0
881,0.18549547180694392,93.54137150446196
882,0.1838057088801508,92.35775977826701
883,0.2685040607744629,100.0
884,0.19542177640481337,100.0
885,0.053279263653034925,2.8752597460367473
886,0.053279263653034925,2.8752597460367473
887,0.053279263653034925,2.8752597460367473
888,0.053279263653034925,2.8752597460367473
889,0.053279263653034925,2.8752597460367473
