index,pred,opt_pred
0,0.04932342884092862,1.5356112845772953
1,0.04932342884092862,1.5356112845772953
2,0.04932342884092862,1.5356112845772953
3,0.04932342884092862,1.5356112845772953
4,0.04520539319207747,0.5335999971299314
5,0.04590741033078649,0.6721233850194385
6,0.046645170396720545,0.8327138565827147
7,0.048498677063606326,1.3000597538949537
8,0.04932342884092862,1.5356112845772953
9,0.0476899013384903,1.0852601703771854
10,0.048498677063606326,1.3000597538949537
11,0.04520539319207747,0.5335999971299314
12,0.04932342884092862,1.5356112845772953
13,0.048498677063606326,1.3000597538949537
14,0.04590741033078649,0.6721233850194385
15,0.0476899013384903,1.0852601703771854
16,0.04060535169058535,0.013287852069545214
17,0.046645170396720545,0.8327138565827147
18,0.048498677063606326,1.3000597538949537
19,0.04932342884092862,1.5356112845772953
20,0.0476899013384903,1.0852601703771854
21,0.04147980377130682,0.05589259405147719
22,0.048498677063606326,1.3000597538949537
23,0.04060535169058535,0.013287852069545214
24,0.0524403942636239,2.5641416073357424
25,0.03964231679520421,0.00042388464345549795
26,0.04590741033078649,0.6721233850194385
27,0.0476899013384903,1.0852601703771854
28,0.04932342884092862,1.5356112845772953
29,0.04707094962879625,0.9321578310457254
30,0.048498677063606326,1.3000597538949537
31,0.04932342884092862,1.5356112845772953
32,0.04932342884092862,1.5356112845772953
33,0.04932342884092862,1.5356112845772953
34,0.04060535169058535,0.013287852069545214
35,0.04932342884092862,1.5356112845772953
36,0.04932342884092862,1.5356112845772953
37,0.0476899013384903,1.0852601703771854
38,0.04147980377130682,0.05589259405147719
39,0.04520539319207747,0.5335999971299314
40,0.04932342884092862,1.5356112845772953
41,0.030773054966511493,1.9946802068609388
42,0.0476899013384903,1.0852601703771854
43,0.04932342884092862,1.5356112845772953
44,0.048498677063606326,1.3000597538949537
45,0.046645170396720545,0.8327138565827147
46,0.04932342884092862,1.5356112845772953
47,0.04590741033078649,0.6721233850194385
48,0.0476899013384903,1.0852601703771854
49,0.04513308829379775,0.5201466598524044
50,0.04932342884092862,1.5356112845772953
51,0.04932342884092862,1.5356112845772953
52,0.04520539319207747,0.5335999971299314
53,0.048498677063606326,1.3000597538949537
54,0.04067414510825297,0.015594739173291962
55,0.05232115006534391,2.5210357986134952
56,0.04520539319207747,0.5335999971299314
57,0.030773054966511493,1.9946802068609388
58,0.04147980377130682,0.05589259405147719
59,0.04753564216822519,1.046171586514037
60,0.046645170396720545,0.8327138565827147
61,0.053138726032576966,2.822189705331025
62,0.046645170396720545,0.8327138565827147
63,0.0476899013384903,1.0852601703771854
64,0.046645170396720545,0.8327138565827147
65,0.05046979940067008,1.8893498498608456
66,0.048498677063606326,1.3000597538949537
67,0.030773054966511493,1.9946802068609388
68,0.048498677063606326,1.3000597538949537
69,0.06223326118751229,6.924607782451296
70,0.05440736452465912,3.314609654001835
71,0.0476899013384903,1.0852601703771854
72,0.04147980377130682,0.05589259405147719
73,0.04590741033078649,0.6721233850194385
74,0.053138726032576966,2.822189705331025
75,0.05378167183570078,3.068026938676153
76,0.04890271612362822,1.413417206266908
77,0.051760837346362165,2.3223181905997996
78,0.046645170396720545,0.8327138565827147
79,0.04590741033078649,0.6721233850194385
80,0.04978039474606459,1.6730317057794164
81,0.05241768318464942,2.5559099335645867
82,0.04932342884092862,1.5356112845772953
83,0.030773054966511493,1.9946802068609388
84,0.043092345476063214,0.20657975956267594
85,0.04520539319207747,0.5335999971299314
86,0.04932342884092862,1.5356112845772953
87,0.04454284726260772,0.41615752421284957
88,0.030773054966511493,1.9946802068609388
89,0.06068495975638242,6.141725232100716
90,0.04932342884092862,1.5356112845772953
91,0.04520539319207747,0.5335999971299314
92,0.04147980377130682,0.05589259405147719
93,0.04590741033078649,0.6721233850194385
94,0.04932342884092862,1.5356112845772953
95,0.04890271612362822,1.413417206266908
96,0.04590741033078649,0.6721233850194385
97,0.04373734949821449,0.2914890468796402
98,0.04590741033078649,0.6721233850194385
99,0.04746293891898514,1.0279617709987094
100,0.04932342884092862,1.5356112845772953
101,0.0476899013384903,1.0852601703771854
102,0.030773054966511493,1.9946802068609388
103,0.04932342884092862,1.5356112845772953
104,0.05734752699863954,4.563549932276741
105,0.0476899013384903,1.0852601703771854
106,0.04060535169058535,0.013287852069545214
107,0.04060535169058535,0.013287852069545214
108,0.045682135501339406,0.6261262614650044
109,0.0476899013384903,1.0852601703771854
110,0.04932342884092862,1.5356112845772953
111,0.04520539319207747,0.5335999971299314
112,0.04520539319207747,0.5335999971299314
113,0.048498677063606326,1.3000597538949537
114,0.04932342884092862,1.5356112845772953
115,0.04520539319207747,0.5335999971299314
116,0.04932342884092862,1.5356112845772953
117,0.0476899013384903,1.0852601703771854
118,0.04590741033078649,0.6721233850194385
119,0.04060535169058535,0.013287852069545214
120,0.04301000439500378,0.19672365807384193
121,0.04932342884092862,1.5356112845772953
122,0.04590741033078649,0.6721233850194385
123,0.04147980377130682,0.05589259405147719
124,0.046645170396720545,0.8327138565827147
125,0.04371766803074773,0.2886987922777176
126,0.04147980377130682,0.05589259405147719
127,0.04635176375181893,0.7670434403691125
128,0.04629303706981228,0.7541832488517609
129,0.04669410061330695,0.8438938115954836
130,0.04147980377130682,0.05589259405147719
131,0.053595691937712936,2.996118275424607
132,0.0582354888421756,4.967851910377155
133,0.030773054966511493,1.9946802068609388
134,0.04932342884092862,1.5356112845772953
135,0.04147980377130682,0.05589259405147719
136,0.04520539319207747,0.5335999971299314
137,0.04932342884092862,1.5356112845772953
138,0.030773054966511493,1.9946802068609388
139,0.04831206303520492,1.2490487005346709
140,0.0476899013384903,1.0852601703771854
141,0.04590741033078649,0.6721233850194385
142,0.046645170396720545,0.8327138565827147
143,0.04147980377130682,0.05589259405147719
144,0.04932342884092862,1.5356112845772953
145,0.04932342884092862,1.5356112845772953
146,0.04932342884092862,1.5356112845772953
147,0.04994744706539797,1.7244662376463469
148,0.04147980377130682,0.05589259405147719
149,0.0476899013384903,1.0852601703771854
150,0.0476899013384903,1.0852601703771854
151,0.08907379414047616,23.674747193887693
152,0.048498677063606326,1.3000597538949537
153,0.04147980377130682,0.05589259405147719
154,0.048498677063606326,1.3000597538949537
155,0.046645170396720545,0.8327138565827147
156,0.030773054966511493,1.9946802068609388
157,0.046645170396720545,0.8327138565827147
158,0.04147980377130682,0.05589259405147719
159,0.06591976440387526,8.900899088565112
160,0.04526755012191145,0.5452881399211085
161,0.04932342884092862,1.5356112845772953
162,0.046645170396720545,0.8327138565827147
163,0.030773054966511493,1.9946802068609388
164,0.04520539319207747,0.5335999971299314
165,0.048498677063606326,1.3000597538949537
166,0.051307368828046644,2.1662121807042864
167,0.05160683814811035,2.2688247739444356
168,0.04932342884092862,1.5356112845772953
169,0.04520539319207747,0.5335999971299314
170,0.05800313597052567,4.860916550398899
171,0.05241768318464942,2.5559099335645867
172,0.058543054478548656,5.110621942295841
173,0.04147980377130682,0.05589259405147719
174,0.033177707670929917,1.0143286769805508
175,0.04590741033078649,0.6721233850194385
176,0.04932342884092862,1.5356112845772953
177,0.05241768318464942,2.5559099335645867
178,0.03303060069341916,1.0635202967239532
179,0.048498677063606326,1.3000597538949537
180,0.04520539319207747,0.5335999971299314
181,0.04520539319207747,0.5335999971299314
182,0.04590741033078649,0.6721233850194385
183,0.05241768318464942,2.5559099335645867
184,0.04932342884092862,1.5356112845772953
185,0.0469900689248808,0.9128942889263736
186,0.030773054966511493,1.9946802068609388
187,0.04590741033078649,0.6721233850194385
188,0.043674773947052506,0.28266066390046585
189,0.053617841400068394,3.004648552537396
190,0.03191942552625295,1.479302223302077
191,0.04520539319207747,0.5335999971299314
192,0.04590741033078649,0.6721233850194385
193,0.055343502573504254,3.696554759065708
194,0.046645170396720545,0.8327138565827147
195,0.052780324971664586,2.688566256270072
196,0.053138726032576966,2.822189705331025
197,0.0476899013384903,1.0852601703771854
198,0.051580974567836294,2.259888877628381
199,0.1058979484054196,35.69742814927967
200,0.048498677063606326,1.3000597538949537
201,0.030773054966511493,1.9946802068609388
202,0.030773054966511493,1.9946802068609388
203,0.04060535169058535,0.013287852069545214
204,0.04707094962879625,0.9321578310457254
205,0.043884456475725246,0.3127359406769832
206,0.04994744706539797,1.7244662376463469
207,0.04590741033078649,0.6721233850194385
208,0.04635176375181893,0.7670434403691125
209,0.04262617433104828,0.15378130639996945
210,0.04779154095646201,1.1113487023327788
211,0.048498677063606326,1.3000597538949537
212,0.053309012639109706,2.886541785772658
213,0.04831206303520492,1.2490487005346709
214,0.069049839408452,10.687139520282301
215,0.10307253285096651,33.642489590487116
216,0.05735851160069353,4.568478388110951
217,0.048498677063606326,1.3000597538949537
218,0.10060891975818416,31.859790374278198
219,0.056232980376297766,4.073321664781773
220,0.050094554042908725,1.7702834821740892
221,0.041899862522111884,0.08636526370036748
222,0.07105810446056879,11.878472076747203
223,0.04301000439500378,0.19672365807384193
224,0.04932342884092862,1.5356112845772953
225,0.049566724663400806,1.6081745663665128
226,0.04890271612362822,1.413417206266908
227,0.05090332976802475,2.030768843233434
228,0.030773054966511493,1.9946802068609388
229,0.04060535169058535,0.013287852069545214
230,0.05388994627903421,3.1101859680922104
231,0.0445921201114692,0.4244362135298163
232,0.06645957139903585,9.202343597604873
233,0.03428856725317864,0.6847859574267252
234,0.04147980377130682,0.05589259405147719
235,0.04147980377130682,0.05589259405147719
236,0.0476899013384903,1.0852601703771854
237,0.047610045896495895,1.064948719043015
238,0.05231397425525467,2.518450839869845
239,0.046645170396720545,0.8327138565827147
240,0.05467522891155709,3.4223294055056344
241,0.043884456475725246,0.3127359406769832
242,0.046645170396720545,0.8327138565827147
243,0.08940621209187337,23.905800156898767
244,0.04277431460283335,0.16976572643356544
245,0.05212736022685326,2.451588734567995
246,0.05286512029278732,2.7199563561314077
247,0.05046046758836889,1.8863509654107813
248,0.05618048662419067,4.050722562019608
249,0.07124258976668395,11.98953740686115
250,0.06486255418073186,8.319061042350235
251,0.030773054966511493,1.9946802068609388
252,0.04060535169058535,0.013287852069545214
253,0.04747956012260366,1.032112774320514
254,0.050756222790514,1.9823238445235973
255,0.0476899013384903,1.0852601703771854
256,0.04834829172205449,1.2588846541131478
257,0.04778988142921818,1.1109206225760708
258,0.053138726032576966,2.822189705331025
259,0.04935743901164549,1.545671871837607
260,0.04590741033078649,0.6721233850194385
261,0.05370997507106593,3.040229462060941
262,0.0918451969902702,25.611231809669906
263,0.04932342884092862,1.5356112845772953
264,0.04964504762334779,1.6318266660145013
265,0.06038552255754614,5.993840885612655
266,0.05222032061289512,2.484808218750339
267,0.04590741033078649,0.6721233850194385
268,0.04067414510825297,0.015594739173291962
269,0.04060535169058535,0.013287852069545214
270,0.05841582952136689,5.051397579883037
271,0.056895833300599254,4.36250868288913
272,0.04932342884092862,1.5356112845772953
273,0.059242576489001976,5.440402804362535
274,0.08128232025108706,18.374033862307716
275,0.035686325189348334,0.3694238960097358
276,0.04520539319207747,0.5335999971299314
277,0.05428640671932819,3.2663871874443022
278,0.05168853419449897,2.297141862654837
279,0.04122478574230363,0.04052201295778881
280,0.07705799275210833,15.613944968190761
281,0.04520539319207747,0.5335999971299314
282,0.05524154581501797,3.654218025493583
283,0.05203794047297226,2.419798968495778
284,0.0476899013384903,1.0852601703771854
285,0.10510018894675277,35.11619555789336
286,0.058081050399276905,4.8966859049497415
287,0.061750758591553365,6.6774347322002585
288,0.05055757241221972,1.9176504682601834
289,0.05499783098934721,3.553741234943906
290,0.042032877303225906,0.0973309067805835
291,0.05102287293258917,2.070479840820209
292,0.05015752665097707,1.7900455557445623
293,0.05493247712886473,3.5269724565910576
294,0.05791158513261262,4.819002394047606
295,0.04854342588959568,1.3124190780071734
296,0.045758466723996555,0.6415498327759687
297,0.04987650237284771,1.7025451609964153
298,0.045758466723996555,0.6415498327759687
299,0.04987650237284771,1.7025451609964153
300,0.051309296322433084,2.1668666238293954
301,0.05311246816945051,2.812315966608105
302,0.045758466723996555,0.6415498327759687
303,0.042032877303225906,0.0973309067805835
304,0.04612273720752177,0.7174312861970585
305,0.051309296322433084,2.1668666238293954
306,0.09688862179081875,29.18725214814414
307,0.05230351336641967,2.5146843321748626
308,0.07423873706486567,13.828519286449437
309,0.050555792033490636,1.917074740133665
310,0.05368536821210996,3.0307111380164535
311,0.06330304986094636,7.482527632172182
312,0.05268608025580728,2.6538425640882877
313,0.05290967122299247,2.7365044587393776
314,0.051151819713892,2.1136572500035906
315,0.04690483728373802,0.8927829975011473
316,0.048242974870409384,1.2303816573077824
317,0.04905175059552541,1.4562231646148827
318,0.06321193565847136,7.434490780815495
319,0.08810769856900375,23.0052608757272
320,0.06522527134079836,8.517383151627557
321,0.08615917048287906,21.66462451361935
322,0.03669599056550063,0.20542109816700563
323,0.045758466723996555,0.6415498327759687
324,0.04987650237284771,1.7025451609964153
325,0.10025777558571708,31.606478113360218
326,0.04960289663305806,1.6190802429968676
327,0.04115842522250444,0.03691565050396029
328,0.05401606258054274,3.159563815397121
329,0.0540109104185959,3.157540903089403
330,0.04816311942841498,1.2089532255870197
331,0.061072097950482476,6.334648052923868
332,0.06590100925151166,8.89047773441629
333,0.06324405148739143,7.451411917195717
334,0.04705088715051885,0.9273633012170498
335,0.05339138164991437,2.917866949764368
336,0.05468669122877754,3.426967279352333
337,0.06067491158259851,6.136743698182725
338,0.04289519907005917,0.18335933488323722
339,0.08840788913743004,23.21296058585687
340,0.05576258585439199,3.872427436660222
341,0.050326261426075825,1.843435069504776
342,0.03813648168231063,0.05683484014158044
343,0.05123803086264108,2.142721941616534
344,0.04415348121473613,0.3533628626986581
345,0.06628068605380047,9.102129590192595
346,0.04705088715051885,0.9273633012170498
347,0.0512386758973119,2.142939997851476
348,0.04376965115078064,0.296095321060977
349,0.10003284416976056,31.444323538353093
350,0.03306290234598531,1.0526045468153247
351,0.060287460930896715,5.945667098170495
352,0.0622480505107278,6.932228548845625
353,0.07096012061963,11.81959086658072
354,0.03306290234598531,1.0526045468153247
355,0.08210352041985439,18.920961323619757
356,0.052885344752444746,2.727463809803016
357,0.04415348121473613,0.3533628626986581
358,0.05460646586835601,3.394555294834724
359,0.06613207407357602,9.019114795958258
360,0.05543121764567831,3.733119631439314
361,0.049843026467263685,1.6922412269964606
362,0.05367159212628457,3.025387241921548
363,0.03345921734221845,0.9238796859939237
364,0.05036833312171584,1.856845688828775
365,0.042145143506550846,0.10707235673892253
366,0.08554615611460345,21.245692415953926
367,0.08581633866135277,21.430160331662332
368,0.06068908248758097,6.143769518144048
369,0.054963933351734176,3.539847575918156
370,0.06097938745016971,6.288272148930411
371,0.05118483943931328,2.124770699405985
372,0.06453422312594805,8.140738059314122
373,0.07843079384463317,16.500500470540395
374,0.10514487480864335,35.14873267750305
375,0.05163434585887422,2.278343939634758
376,0.09622504669068742,28.71339411768641
377,0.08855666011229389,23.316004334609822
378,0.06991357743721476,11.195461978627138
379,0.12212394148487023,47.62735101299716
380,0.08095120583696205,18.154402749515146
381,0.0726279287004875,12.831796242037207
382,0.05250733353091746,2.588463358620936
383,0.051487238881363466,2.2276196193852655
384,0.04818496221268604,1.2147987373855917
385,0.05588909898272104,3.926098846246977
386,0.032312846782476985,1.3229875082635933
387,0.08599824255753731,21.55451063763439
388,0.08366036274953173,19.966131543351946
389,0.05440491210875281,3.313629338337104
390,0.10085945289962779,32.040647294902534
391,0.09117789469005055,25.14291484806214
392,0.08637580441666605,21.813005868736198
393,0.11484162571094751,42.254765941762685
394,0.052796447829677136,2.6945239540937975
395,0.04971447242033228,1.6529098224015948
396,0.04368557457651493,0.2841754926400298
397,0.057059953540794815,4.435188138882678
398,0.059750665302873165,5.6842370919363825
399,0.05786872926591084,4.799424981490238
400,0.05051506200777155,1.9039227092162403
401,0.04355956133652207,0.2667351534802325
402,0.052119125124750705,2.4486543051841485
403,0.06444299475683496,8.091394849787852
404,0.06230948931684062,6.963915387377911
405,0.05286931858360529,2.721514137128737
406,0.10331208007964023,33.81630702593479
407,0.04916797698454881,1.4899727634430022
408,0.05351036780061327,2.963343660857884
409,0.05898413483144178,5.31775411116792
410,0.09349220685292046,26.772247099143602
411,0.04117274128847725,0.03767983167031369
412,0.04450533973182645,0.40990531545130604
413,0.12714639632701777,51.33820233758473
414,0.06461455753311056,8.184262995863184
415,0.07174021692486776,12.290428495442624
416,0.06874322680816544,10.508223517614892
417,0.08015583834947237,17.628997535717733
418,0.06228619099241587,6.951894028443251
419,0.08034751487983766,17.755331060027157
420,0.11174228531168051,39.97531091009672
421,0.04324705758714949,0.22570644571485976
422,0.05636442077255597,4.130104755546319
423,0.11344535245316306,41.22713072585299
424,0.07034513395837709,11.451761391475676
425,0.06160911932175637,6.605418518363714
426,0.04752084883196581,1.0424552480761642
427,0.03479114617210924,0.5590980219302537
428,0.07046502040371666,11.52322975566355
429,0.06757546662983219,9.834432730009718
430,0.059012307254428194,5.331078190863652
431,0.0805604289311398,17.8958753332224
432,0.04845025940097789,1.28674240639073
433,0.04549789497690457,0.5895873711858971
434,0.08731333604880966,22.45711268483965
435,0.03479114617210924,0.5590980219302537
436,0.10696142239978881,36.47339060744894
437,0.05400660167211864,3.1558495165347775
438,0.039902019447111865,0.0002659262704067265
439,0.0716356345479522,12.227035961283704
440,0.10336952661179426,33.8580025499226
441,0.06630219261193651,9.114161236560532
442,0.06679650968257593,9.391947603070301
443,0.054224202357068756,3.2416905700047955
444,0.09121896686724432,25.171703479929814
445,0.07955676384184274,17.235340784980593
446,0.05218869376032685,2.4734868214978447
447,0.06816361593611353,10.17225961133615
448,0.06437250476005382,8.05332997774037
449,0.04336516075150614,0.24083766615068164
450,0.0839920007200829,20.1901147839703
451,0.0756842128611053,14.737743416192213
452,0.08836541199975691,23.18355284071457
453,0.08165618309049419,18.62264276921357
454,0.06029048072376098,5.947148702763272
455,0.07573523391873452,14.770079535279951
456,0.04992550153638425,1.7176731240026692
457,0.05662019063029044,4.241398469059954
458,0.0791798823897791,16.98863224079688
459,0.06586508553238013,8.870526479066957
460,0.13729574299934058,58.827310002832604
461,0.08162523652647863,18.602039341492908
462,0.0733182287124328,13.256722420631592
463,0.14660837180237352,65.66499355435873
464,0.16295954200003812,77.53890672145096
465,0.0759069312522855,14.879016357247922
466,0.07619320918139966,15.061054099557081
467,0.0723054624474405,12.634469653804034
468,0.06748238914833939,9.781260811266492
469,0.07297101677276846,13.042566778580817
470,0.06643308072426432,9.187483379186872
471,0.04992550153638425,1.7176731240026692
472,0.058546606447204705,5.1122787857967635
473,0.08202279671539323,18.86706089593115
474,0.059392844568676446,5.512145543926176
475,0.07375412313087297,13.526767186666058
476,0.08340341156936668,19.7929075277226
477,0.06776501865600656,9.94296450810987
478,0.05486728751805888,3.5003450711608455
479,0.07864902477140327,16.64239697123411
480,0.07532261473395607,14.509036617626856
481,0.05955385296534177,5.589363601083705
482,0.05590190859027349,3.9315479649565956
483,0.0841061172171298,20.26729266630237
484,0.06926649355286699,10.814051000185671
485,0.06397027613191003,7.8371595842513
486,0.052785624631954825,2.6905240212334145
487,0.08472451560331157,20.686441744388404
488,0.09720027209040417,29.41011720844955
489,0.12195301540809046,47.50109183069258
490,0.08293177264131976,19.475684415634284
491,0.0707304235339814,11.68185514839977
492,0.1879012394382452,95.2217714533802
493,0.1012057823489499,32.29082587495824
494,0.03479114617210924,0.5590980219302537
495,0.10549768763624552,35.405711132051515
496,0.12942818593716238,53.0238246521185
497,0.08359644547522146,19.92301559385421
498,0.055962745667934875,3.9574647252459827
499,0.154662815857673,71.53809087356208
500,0.16183239632270247,76.72684741354917
501,0.08216479875425921,18.961897530534255
502,0.06446538129897159,8.103494891178826
503,0.07249312984441206,12.749216763086661
504,0.057437770150575274,4.604094213683283
505,0.08940077798207555,23.90202029244004
506,0.04931319216855291,1.53258846800462
507,0.0610681362695001,6.332664084734343
508,0.10845487299369608,37.56510022267435
509,0.0610681362695001,6.332664084734343
510,0.089371039277917,23.881336243924885
511,0.07680687396959558,15.452937861999121
512,0.0627930291943445,7.214867827163257
513,0.06002205364990199,5.815924477685747
514,0.13065380696533885,53.928923201930246
515,0.05711558849282698,4.459921298952671
516,0.0628382854637679,7.238496445096904
517,0.0545530648934819,3.3730438534050866
518,0.14498428754417764,64.47578660762825
519,0.06572436642722876,8.792499337965427
520,0.07468868630862187,14.110092468060579
521,0.06973214167609451,11.088165003806903
522,0.056625392001891574,4.24367263838375
523,0.06498225963016847,8.384359687997552
524,0.05444846236377655,3.3310538929433693
525,0.07277076607823325,12.919443500534559
526,0.07514975164736114,14.39999446565892
527,0.10440431102966118,34.60982580583423
528,0.15248560675784348,69.95483073680467
529,0.06399364785790931,7.849671751017957
530,0.06125351202002226,6.425712078261926
531,0.0686056138349804,10.428189193962378
532,0.046166954364194,0.7268960859759706
533,0.12094338223520648,46.755393227899845
534,0.05636442077255597,4.130104755546319
535,0.17247909612539677,84.35450762246303
536,0.058014546429052447,4.86614928411356
537,0.04620555861264852,0.73520399667662
538,0.06161979925954136,6.610840053299214
539,0.05723072382360107,4.511258948212579
540,0.11709897361524874,43.918206409540986
541,0.10740700570948576,36.79887417171884
542,0.054691343487085924,3.4288503338528598
543,0.07093100266726014,11.802107569958634
544,0.067336619336433,9.698149458778797
545,0.07395207944389381,13.64983568441383
546,0.07032682791986668,11.440858742963583
547,0.11926470163882703,45.516005862460865
548,0.07199554594069268,12.445541893785041
549,0.04308141867515776,0.2052588630592745
550,0.07176067010447747,12.302835838543093
551,0.08937356607009624,23.883093586656305
552,0.08004825471117269,17.558169767647495
553,0.0538142067101146,3.0806723771081197
554,0.06656597006354381,9.26209799046453
555,0.07197510986091735,12.433108924739201
556,0.06820925154449721,10.198603329722221
557,0.08735294184589391,22.484391268385505
558,0.07287395380594973,12.982852267459021
559,0.1546626080482737,71.5379399165244
560,0.11480599021296545,42.22852551974987
561,0.07797255866128257,16.203396918172967
562,0.11401681576938115,41.64758613345928
563,0.08945617944919,23.940560828236244
564,0.06661167463028382,9.287799869461633
565,0.06904745039216656,10.68574232785498
566,0.11024862679776204,38.87910963299869
567,0.06593144634607995,8.907391976486057
568,0.09650448418823579,28.912826908453585
569,0.11561075793479342,42.82127705329043
570,0.05015597443140381,1.7895573687421282
571,0.056945924861644334,4.384646562364781
572,0.08210394740787157,18.921246508622772
573,0.06263453033900385,7.132303788149555
574,0.15314408524830217,70.43402749433422
575,0.0751061097127958,14.372495231518506
576,0.043246887397930645,0.22568497167407142
577,0.061126389626478164,6.361856899515378
578,0.05872850753970889,5.197371428452276
579,0.13374866207279565,56.21298073217973
580,0.0505426765107545,1.912835664242177
581,0.0573493924003574,4.56438675027763
582,0.0667560513170459,9.369122644399917
583,0.16391710438815466,78.22797080096534
584,0.05606171466846222,3.999756317677443
585,0.04973605684234013,1.6594872083295562
586,0.09845142391320617,30.306778402252466
587,0.05835654157548693,5.023878992648573
588,0.06610696524664242,9.005110584494375
589,0.08809226285096233,22.994589113986255
590,0.04397883637208187,0.32672918315632704
591,0.10101313413951994,32.15163849098054
592,0.08698085036907804,22.228328940994654
593,0.05971806274670099,5.668484402802245
594,0.13383144093508798,56.274038625320856
595,0.04886160476161866,1.401702655149232
596,0.06789529207332624,10.017746193331789
597,0.1026927660104046,33.367093482667954
598,0.07581815263276817,14.822666215150324
599,0.08270701510151962,19.3248523078733
600,0.1852425870372465,93.36441019015601
601,0.11700068691468468,43.845732997860345
602,0.07887596301176128,16.79022697711478
603,0.04964070257442751,1.6305108337372303
604,0.08129765817723017,18.384220266885304
605,0.20598569314541199,100.0
606,0.09591259757086126,28.490599740688776
607,0.07013683802779758,11.327865623758127
608,0.1175987078883972,44.286751174762266
609,0.04788871602194457,1.1365374184141002
610,0.09509791961395592,27.910700106659803
611,0.1209963729352875,46.79452684058776
612,0.07128886709894154,12.017439035512487
613,0.05526019157007033,3.661947240221713
614,0.10314727797985147,33.6967166721891
615,0.0905001757656393,24.668582828174305
616,0.1672605686957638,80.62792074811787
617,0.05619012497233279,4.054868600831344
618,0.10147430153148539,32.48492782400759
619,0.2041059358352143,100.0
620,0.1264819723624683,50.84728499632317
621,0.07558492185318287,14.674861270149199
622,0.09055676589582484,24.70813886014845
623,0.05914242587746118,5.392762854709981
624,0.06022090064477445,5.913041286678003
625,0.043384793380108276,0.24339723775117636
626,0.059470376992040205,5.549284628257225
627,0.05964710200387943,5.6342482321155245
628,0.07463530019873235,14.076614283954736
629,0.06122158396945567,6.409654963604971
630,0.12364486272062797,48.75097179022502
631,0.08505718652689127,20.91255747891517
632,0.060933579995758234,6.265398825124839
633,0.05186270713153761,2.357972131417489
634,0.08579616904973093,21.416379940274354
635,0.07656264447536064,15.29670431887134
636,0.09182117689440186,25.594352912713507
637,0.06972074110099022,11.081432086567427
638,0.07304443007211356,13.087776169932331
639,0.13590172076351736,57.80038342389845
640,0.08301992843913014,19.534904890171827
641,0.07900296680653503,16.873078464422235
642,0.058725788630189325,5.196096027719787
643,0.09962736917403052,31.15223319046478
644,0.06801737885206152,10.087968712573275
645,0.09861280046487945,30.422651244422873
646,0.191873673349411,97.98415870633845
647,0.0564033328878846,4.146968748878036
648,0.04621664699303496,0.7375979630446288
649,0.058803629412716156,5.232651891296524
650,0.05964854882072826,5.634945584709125
651,0.15926909123749095,74.87629720631311
652,0.08041113638325031,17.797304123832816
653,0.2914058817482567,100.0
654,0.11991543885796874,45.99637296876946
655,0.06202439372168276,6.817262776896958
656,0.06725324115475761,9.650700279844239
657,0.08618370483342297,21.68142041014384
658,0.06014231624142145,5.874597521061879
659,0.1290685121818058,52.75816569662839
660,0.19897270335806766,100.0
661,0.15645438202882883,72.83834759628343
662,0.07969088406028338,17.32331368810258
663,0.23800289153561194,100.0
664,0.05655044492735492,4.210945692211299
665,0.08924171010058993,23.791416642919017
666,0.10931366703055938,38.19385276770824
667,0.21941068998450874,100.0
668,0.09577153443305496,28.39008320149173
669,0.10078606865092671,31.987661447877496
670,0.06018467436859993,5.895309036962198
671,0.11949622837418984,45.6869037570955
672,0.06353826005152095,7.606971059731149
673,0.060954123012628786,6.275653370587704
674,0.0600490127296202,5.829060262390578
675,0.20342384051461845,100.0
676,0.12291767774777063,48.21371491404754
677,0.08623693699896666,21.71787009338081
678,0.1233348815890921,48.521946833491675
679,0.09618691110145092,28.686189923889483
680,0.06799884231693082,10.07729806510065
681,0.11511701729341403,42.45757423173905
682,0.09083631617319994,24.90367965835456
683,0.2004157505902996,100.0
684,0.16656439483414434,80.12898560408644
685,0.05046342147486929,1.8873000229769226
686,0.057716223824211654,4.729981088699716
687,0.20108576043628293,100.0
688,0.05764360422888046,4.6970367670374165
689,0.0969567014103281,29.235919744990213
690,0.08087375968136254,18.103107723508856
691,0.06407541243895834,7.893492169785077
692,0.10395224759613901,34.28120386560047
693,0.10713583451786393,36.6007679412121
694,0.05752388851440891,4.642901635642717
695,0.08658460964137477,21.956187397196505
696,0.0988214208967301,30.57251840030447
697,0.09759924354005144,29.695713729115454
698,0.07649861621233844,15.255804139566353
699,0.2972117676247066,100.0
700,0.059255063906505846,5.446352701714098
701,0.143336629136505,63.26779751168749
702,0.13392260556894264,56.34127955004996
703,0.2028631865298231,100.0
704,0.08160590485472625,18.58917106829219
705,0.2564208834143863,100.0
706,0.06849061006877336,10.361431839612463
707,0.07505803891786253,14.342219444718781
708,0.13716203453613393,58.72884349438349
709,0.19587215218381565,100.0
710,0.10558161606893288,35.46686404426149
711,0.11882094653640758,45.1884965573234
712,0.08314191155429246,19.616905068885433
713,0.06481028433934685,8.29059557175472
714,0.21653645449649303,100.0
715,0.12359557379713654,48.714554915638914
716,0.05528724400067182,3.6731718539865352
717,0.06738117035197973,9.723529402528289
718,0.06227295969550364,6.945069906541445
719,0.08276542525478531,19.36402938234918
720,0.0729260841077776,13.014915224194526
721,0.17608600676017724,86.91600660639536
722,0.06846617124526005,10.347260642976273
723,0.06869169500130243,10.478233704242198
724,0.13375885081122155,56.220496079063274
725,0.22554277878820936,100.0
726,0.12088576130334028,46.71284080411586
727,0.09950416187493603,31.063535618541398
728,0.057097176936981735,4.451730887280912
729,0.13046272872441803,53.7878331331351
730,0.23936900461295685,100.0
731,0.06291367558942995,7.277911240170333
732,0.18198918568279196,91.0823135303952
733,0.0671797496920747,9.608931616922538
734,0.16882153498903826,81.74511977152179
735,0.06241122961396485,7.016487015348069
736,0.06933793519240772,10.855987846628626
737,0.15424579950394124,71.23509888024998
738,0.21712898175260578,100.0
739,0.22241378172346088,100.0
740,0.23418439127862417,100.0
741,0.10884461655061871,37.85036092379663
742,0.07818473206386874,16.34081898079113
743,0.15555285903293267,72.18434842251547
744,0.10356330580307677,33.99868372815811
745,0.2293650448215263,100.0
746,0.15351171417208062,70.70143115815985
747,0.18238917115386977,91.36342733878081
748,0.0666135103135281,9.288832585874664
749,0.13903292134934206,60.105958337922814
750,0.17941260688219174,89.26784237864396
751,0.18724529826131872,94.76415933813787
752,0.2053722963499078,100.0
753,0.06289336249079967,7.267284808632139
754,0.0672772194261477,9.664339248929837
755,0.07113518665292862,11.924845562352168
756,0.2077406062699487,100.0
757,0.13951666213389446,60.46178764000299
758,0.05772064919068124,4.731991260394625
759,0.2208641026753601,100.0
760,0.24978222264156935,100.0
761,0.15193724750827636,69.55554210384003
762,0.12368743250261072,48.78242439849747
763,0.0933976451357469,26.70539851063008
764,0.1399166020924911,60.75589620873745
765,0.21097047492894253,100.0
766,0.05423122490839142,3.244475193426185
767,0.0958468652361715,28.443755801478023
768,0.1512518454574766,69.05617650555249
769,0.19239337513577298,98.34441175949837
770,0.2684478265930829,100.0
771,0.23258668950960742,100.0
772,0.23043545269387497,100.0
773,0.1517981016504599,69.4541900028277
774,0.18378093523631966,92.3403864770165
775,0.05219573414319946,2.476005313442117
776,0.07490149314449902,14.243727302410727
777,0.18750921313089114,94.94832757308573
778,0.06928478586842182,10.8247846114318
779,0.20366348484779853,100.0
780,0.12706416112043942,51.27744336844261
781,0.20268339898295804,100.0
782,0.21755571623407605,100.0
783,0.1736513762355215,85.18831434256695
784,0.06214759885248787,6.880518810360554
785,0.062943499014778,7.293521523789829
786,0.182117850437553,91.17275698495857
787,0.1599124443101751,75.34124854775908
788,0.2442125132558607,100.0
789,0.23731373077997894,100.0
790,0.058880812979930135,5.268984606841974
791,0.21049958854015316,100.0
792,0.1322843184892481,55.132562326215286
793,0.1229470825575304,48.23543876441451
794,0.11356319488544905,41.31381781351823
795,0.1014161247011514,32.44286446586492
796,0.18945753539003288,96.3058370196056
797,0.1964364619822531,100.0
798,0.22137769011516728,100.0
799,0.19820940404009565,100.0
800,0.2481014084782864,100.0
801,0.19835543007921025,100.0
802,0.08440824836589622,20.471883499341377
803,0.08199022908154953,18.845323394805934
804,0.23823877318675402,100.0
805,0.1273370934942869,51.47909587477192
806,0.2114272896954754,100.0
807,0.200896175181988,100.0
808,0.23728164492718506,100.0
809,0.17314329450124608,84.82708358526598
810,0.09809956624862232,30.054305492743104
811,0.13011174354804672,53.52865178463415
812,0.21331309577777138,100.0
813,0.10735229360923128,36.758897664008344
814,0.16673804124900796,80.25347364183918
815,0.20820712888535087,100.0
816,0.0629149293466407,7.278567277995353
817,0.1330425004067555,55.69203456605683
818,0.06549557885119925,8.666067881736113
819,0.2201212251356933,100.0
820,0.15619678867672215,72.6515410921246
821,0.21649681991292746,100.0
822,0.20796179548833804,100.0
823,0.24723807936189213,100.0
824,0.22668752028526767,100.0
825,0.22443881526793263,100.0
826,0.20569327640382315,100.0
827,0.2031637313708728,100.0
828,0.2119728573215914,100.0
829,0.2070863596609721,100.0
830,0.2497963207090712,100.0
831,0.21421618469296022,100.0
832,0.18709046006735636,94.65607690231889
833,0.09130984651086033,25.235420534985188
834,0.14620858789157984,65.37240144615106
835,0.22544401322697138,100.0
836,0.19955382220040443,100.0
837,0.23185104103531953,100.0
838,0.07580091944455193,14.811733497332643
839,0.19838695127423803,100.0
840,0.20189133694239308,100.0
841,0.17585724770874123,86.75390254648022
842,0.21762525181572595,100.0
843,0.195531587016915,100.0
844,0.04522842429724468,0.5379175877862192
845,0.21509751162491184,100.0
846,0.19840554235188212,100.0
847,0.16441349878176684,78.58487862427852
848,0.1293384755061498,52.95756534282649
849,0.19826909845742813,100.0
850,0.23664255151938576,100.0
851,0.20843650090020796,100.0
852,0.2761824386470945,100.0
853,0.16918480586705323,82.00481288790533
854,0.255403600047177,100.0
855,0.192517251529597,98.43024271701286
856,0.13113327648039722,54.282926380502836
857,0.20613601936970477,100.0
858,0.21882471103050222,100.0
859,0.20266336085943693,100.0
860,0.20916734244331367,100.0
861,0.22779232756475526,100.0
862,0.23270670836256252,100.0
863,0.21291114172665884,100.0
864,0.20366104283104416,100.0
865,0.23084641833344938,100.0
866,0.07518710686083192,14.423542040635095
867,0.2582963982672263,100.0
868,0.22227149370874474,100.0
869,0.24903517566814293,100.0
870,0.2863021607535009,100.0
871,0.1644126150175988,78.58424337963918
872,0.1252045775165613,49.90342082524118
873,0.2891244892624315,100.0
874,0.27723132951375934,100.0
875,0.12147351198361056,47.14691702653427
876,0.21775956753378564,100.0
877,0.26476096097152174,100.0
878,0.19029740413467275,96.88988223288169
879,0.13584718773538668,57.76019645743204
880,0.1825379868734512,91.46797772786859
881,0.1960575787359576,100.0
882,0.14369992079641722,63.534273746212854
883,0.3040293969552274,100.0
884,0.2036662653954609,100.0
885,0.04295258028084261,0.18998386415478527
886,0.04295258028084261,0.18998386415478527
887,0.04295258028084261,0.18998386415478527
888,0.04295258028084261,0.18998386415478527
889,0.04295258028084261,0.18998386415478527
